# Probability for prisms
2.689435011461323022e-01
7.071179560192282221e-01
7.827235439749158363e-02
6.091251747889017132e-01
4.009724637695583627e-01
2.451717006389565745e-01
4.449400251167744402e-01
5.919268304561123295e-02
4.159574855904978885e-01
4.498562154256214862e-01
7.858304631060759882e-02
2.713348207163828740e-01
4.212071109282100601e-01
5.136212702707667610e-01
2.568992644023794861e-02
6.972087749637263521e-01
8.565631741208823424e-01
6.082454796545417874e-01
1.774739031068067463e-01
5.709586632845882193e-01
2.026632276901388086e-01
1.948083377925081613e-02
2.869618290721207554e-01
5.429465778324374936e-01
4.320313619704134744e-01
6.975872084207639101e-02
7.649692330638252491e-01
1.670285421372035284e-01
4.440694075953694475e-01
5.491053849697284939e-01
4.242216637277008151e-01
4.436206359459066162e-01
1.368948864811968535e-01
3.844721220202926282e-01
5.627685179056395037e-02
2.083101392015579700e-01
1.923855097787847690e-01
2.911471712797092382e-01
1.426590110009614554e-01
3.975690381765065173e-01
3.579039777520528487e-01
2.917518173962431460e-02
