X,Y,dist,TFA,AMA,ASA
7.186947193356651114e+05,8.467483534547343152e+05,0.000000000000000000e+00,-1.910238270144689565e+01,70.6219661974531,0.06124902130829012
7.187357453145110048e+05,8.467770801543846028e+05,5.008347245409014903e+01,-2.188136996897784314e+01,71.99746131524019,0.09315457161709068
7.187767712933568982e+05,8.468058068540348904e+05,1.001669449081802981e+02,-2.513163293337052551e+01,74.44296747376478,0.11701393013172597
7.188177972722026752e+05,8.468345335536851780e+05,1.502504173622704684e+02,-2.851213103869190491e+01,76.74295757861944,0.12843365422611824
7.188588232510485686e+05,8.468632602533354657e+05,2.003338898163605961e+02,-3.102264347105360898e+01,77.62814495903062,0.14770746126233725
7.188998492298944620e+05,8.468919869529857533e+05,2.504173622704507522e+02,-3.126876341816621618e+01,77.5192237838482,0.13454887427596965
7.189408752087402390e+05,8.469207136526361573e+05,3.005008347245409368e+02,-3.003676830408547005e+01,76.78000077907562,0.10942696645483678
7.189819011875861324e+05,8.469494403522864450e+05,3.505843071786310361e+02,-2.888684544687806266e+01,76.14916837417402,0.10936411239853278
7.190229271664320258e+05,8.469781670519368490e+05,4.006677796327211922e+02,-2.818664083902751827e+01,75.87429791773118,0.15469794806169718
7.190639531452779192e+05,8.470068937515871366e+05,4.507512520868114052e+02,-2.841489773498679128e+01,74.71388534708576,0.18591965824203005
7.191049791241236962e+05,8.470356204512374243e+05,5.008347245409015045e+02,-2.820079980371799167e+01,71.40380903097689,0.15606011725416152
7.191460051029694732e+05,8.470643471508877119e+05,5.509181969949917175e+02,-2.548772719477275928e+01,66.95942292358068,0.15397430452371288
7.191870310818154830e+05,8.470930738505379995e+05,6.010016694490818736e+02,-1.935583160098843436e+01,59.411122678208756,0.1598677087000645
7.192280570606612600e+05,8.471218005501882872e+05,6.510851419031720297e+02,-1.196675937760206310e+01,50.46057051010484,0.1715389096869922
7.192690830395071534e+05,8.471505272498385748e+05,7.011686143572620722e+02,-6.861177181480306864e+00,42.65543176385581,0.17208054839893855
7.193101090183530468e+05,8.471792539494888624e+05,7.512520868113522283e+02,-4.538300436093328116e+00,37.86664321259666,0.10526853357743186
7.193511349971988238e+05,8.472079806491391500e+05,8.013355592654423845e+02,-3.219154697952895994e+00,34.160667217110465,0.08248023967809624
7.193921609760447172e+05,8.472367073487895541e+05,8.514190317195325406e+02,-2.938380324609976668e+00,29.275180068940326,0.09328147828940953
7.194331869548906107e+05,8.472654340484398417e+05,9.015025041736228104e+02,-4.464540260749582323e+00,27.6190152242932,0.09329792500319946
7.194742129337365041e+05,8.472941607480901293e+05,9.515859766277128529e+02,-7.298234257123355384e+00,26.341957627816868,0.08595006066282683
7.195152389125822810e+05,8.473228874477404170e+05,1.001669449081803009e+03,-1.039313828675978968e+01,23.99879417893054,0.07182165280786947
7.195562648914281745e+05,8.473516141473907046e+05,1.051752921535893165e+03,-1.287205859909281536e+01,22.241398973657553,0.08574244999266874
7.195972908702740679e+05,8.473803408470409922e+05,1.101836393989983435e+03,-1.418543960927063985e+01,19.910018942760793,0.13028135004459251
7.196383168491198448e+05,8.474090675466912799e+05,1.151919866444073477e+03,-1.228488210219713217e+01,18.237122030478385,0.1623575205047909
7.196793428279658547e+05,8.474377942463415675e+05,1.202003338898163747e+03,-7.010816525194201176e+00,18.00081106879265,0.11925593748290825
7.197203688068116317e+05,8.474665209459918551e+05,1.252086811352253790e+03,-1.656359189063388415e+00,17.945388461854495,0.12513094579150444
7.197613947856574086e+05,8.474952476456421427e+05,1.302170283806344059e+03,5.165143018446586076e+00,19.543138299260978,0.19736641049090117
7.198024207645034185e+05,8.475239743452924304e+05,1.352253756260433875e+03,1.554673634216544720e+01,25.23463955858296,0.2530270351800223
7.198434467433491955e+05,8.475527010449428344e+05,1.402337228714524144e+03,2.644900709988823451e+01,33.38024422738521,0.29553104972061434
7.198844727221949724e+05,8.475814277445931220e+05,1.452420701168614414e+03,3.498384023333129988e+01,41.826210025667294,0.3397810401358985
7.199254987010408659e+05,8.476101544442434097e+05,1.502504173622704457e+03,3.923659547954653704e+01,52.00263285995584,0.43079683896088483
7.199665246798867593e+05,8.476388811438936973e+05,1.552587646076794726e+03,3.333187473604921536e+01,62.447832870937006,0.48471919622148146
7.200075506587326527e+05,8.476676078435439849e+05,1.602671118530884769e+03,1.665229537466985477e+01,68.73027236087876,0.44011923649002993
7.200485766375784297e+05,8.476963345431942726e+05,1.652754590984975039e+03,-4.032902423585630558e+00,70.78523066535725,0.39089301102175916
7.200896026164243231e+05,8.477250612428445602e+05,1.702838063439065081e+03,-1.980750758241428855e+01,69.22364155682645,0.3370223737913076
7.201306285952702165e+05,8.477537879424949642e+05,1.752921535893155351e+03,-2.731295567384562517e+01,64.2455729067456,0.2512478612478344
7.201716545741159935e+05,8.477825146421452519e+05,1.803005008347245621e+03,-2.909977544573710517e+01,59.66160519456592,0.20589864321003784
7.202126805529620033e+05,8.478112413417955395e+05,1.853088480801335663e+03,-2.792313683684992753e+01,55.67013083237982,0.17446510338401885
7.202537065318077803e+05,8.478399680414458271e+05,1.903171953255425706e+03,-2.571704442490590736e+01,51.94430925553776,0.1468005573117824
7.202947325106535573e+05,8.478686947410962312e+05,1.953255425709515748e+03,-2.377871582822060148e+01,48.6077002025954,0.13255031342551551
7.203357584894995671e+05,8.478974214407465188e+05,2.003338898163606018e+03,-2.141078185045952864e+01,44.458208260676116,0.1359472010203114
7.203767844683453441e+05,8.479261481403968064e+05,2.053422370617696288e+03,-1.807727857722388620e+01,39.085616656461745,0.1169178326637569
7.204178104471912375e+05,8.479548748400470940e+05,2.103505843071786330e+03,-1.403075290168862566e+01,33.235561624452515,0.09359698585200499
7.204588364260371309e+05,8.479836015396973817e+05,2.153589315525876373e+03,-1.090250270847511516e+01,28.958197942844695,0.05100815547946289
7.204998624048829079e+05,8.480123282393476693e+05,2.203672787979966870e+03,-1.008984529269798891e+01,27.42145545516535,0.010809661374028135
7.205408883837288013e+05,8.480410549389979569e+05,2.253756260434056458e+03,-1.122141094649606785e+01,27.56545406974784,0.055228540443460525
7.205819143625746947e+05,8.480697816386482446e+05,2.303839732888146955e+03,-1.249779414315278459e+01,27.28982817306033,0.09729149751782372
7.206229403414205881e+05,8.480985083382985322e+05,2.353923205342236997e+03,-1.278574216880404890e+01,25.24976373106486,0.13919238360564498
7.206639663202663651e+05,8.481272350379488198e+05,2.404006677796327494e+03,-9.623840641114993488e+00,19.98881578093514,0.18025699276611376
7.207049922991121421e+05,8.481559617375992239e+05,2.454090150250417537e+03,-1.100235622829042192e+00,12.490832577071904,0.19985285181758725
7.207460182779581519e+05,8.481846884372495115e+05,2.504173622704507579e+03,9.377193218882567294e+00,13.879606362107777,0.24956445927487866
7.207870442568039289e+05,8.482134151368997991e+05,2.554257095158597622e+03,1.755217169238181540e+01,26.539508858462177,0.30153768372971423
7.208280702356497059e+05,8.482421418365500867e+05,2.604340567612688119e+03,1.696044654126614759e+01,39.34181356748125,0.276328634864166
7.208690962144957157e+05,8.482708685362003744e+05,2.654424040066778161e+03,9.048306812116416964e+00,49.19997840072107,0.23852666887790344
7.209101221933414927e+05,8.482995952358506620e+05,2.704507512520867749e+03,-2.412361129906380519e+00,57.659659759649905,0.24346413241632014
7.209511481721873861e+05,8.483283219355009496e+05,2.754590984974958246e+03,-1.486240722657139202e+01,64.11096679620681,0.29474711748394067
7.209921741510332795e+05,8.483570486351512372e+05,2.804674457429048289e+03,-2.491792588558966770e+01,66.74753552094766,0.3357779880699484
7.210332001298790565e+05,8.483857753348015249e+05,2.854757929883138786e+03,-2.746410359778808896e+01,64.20128580552827,0.2679990799985604
7.210742261087249499e+05,8.484145020344518125e+05,2.904841402337228828e+03,-2.531387482643423681e+01,60.91596814412546,0.17054808290727705
7.211152520875708433e+05,8.484432287341021001e+05,2.954924874791318871e+03,-2.250755409547583952e+01,58.3840233732682,0.1107819853880649
7.211562780664167367e+05,8.484719554337525042e+05,3.005008347245408913e+03,-1.987283820718596061e+01,56.60366346157933,0.07044172010042954
7.211973040452625137e+05,8.485006821334027918e+05,3.055091819699499410e+03,-1.776506372160157454e+01,56.25389083594089,0.04892368377079496
7.212383300241084071e+05,8.485294088330531958e+05,3.105175292153589453e+03,-1.629976700600063921e+01,57.02591062867609,0.03819220235030222
7.212793560029543005e+05,8.485581355327034835e+05,3.155258764607679950e+03,-1.636420606899472219e+01,59.495327885784256,0.07389056220946588
7.213203819818000775e+05,8.485868622323537711e+05,3.205342237061769538e+03,-1.728898524953017102e+01,62.0445910276074,0.10754638854970769
7.213614079606460873e+05,8.486155889320040587e+05,3.255425709515859580e+03,-1.973472005690875264e+01,64.18684003990369,0.09340701030082468
7.214024339394918643e+05,8.486443156316543464e+05,3.305509181969950077e+03,-2.316164225766010887e+01,65.3910602931255,0.07641152140408695
7.214434599183376413e+05,8.486730423313046340e+05,3.355592654424040120e+03,-2.637304660285899871e+01,65.49434924545417,0.09324926663951101
7.214844858971835347e+05,8.487017690309549216e+05,3.405676126878130162e+03,-2.832318553099469938e+01,64.21187108673789,0.09607769567302149
7.215255118760294281e+05,8.487304957306052092e+05,3.455759599332220205e+03,-2.843870222636826384e+01,61.18695228159256,0.09176701727353467
7.215665378548753215e+05,8.487592224302554969e+05,3.505843071786310702e+03,-2.667351235377471852e+01,57.036164255043886,0.08754585896744886
7.216075638337210985e+05,8.487879491299059009e+05,3.555926544240400744e+03,-2.318749477758000666e+01,51.601533460031625,0.07944965464833162
7.216485898125669919e+05,8.488166758295561885e+05,3.606010016694491242e+03,-1.846498724794933111e+01,44.870977067663695,0.10309832606089721
7.216896157914128853e+05,8.488454025292064762e+05,3.656093489148580829e+03,-1.439501934639358183e+01,39.30168582582915,0.094153736471083
7.217306417702586623e+05,8.488741292288567638e+05,3.706176961602671327e+03,-1.166826460473523852e+01,35.37015617024172,0.08203581585783261
7.217716677491045557e+05,8.489028559285070514e+05,3.756260434056761369e+03,-9.713069734409970124e+00,33.00944633385646,0.07988779725899982
7.218126937279504491e+05,8.489315826281573391e+05,3.806343906510851411e+03,-8.079369849803402559e+00,32.41340616039747,0.1052785606242936
7.218537197067962261e+05,8.489603093278076267e+05,3.856427378964941909e+03,-7.463394515396935880e+00,34.948286359209675,0.1371345851171923
7.218947456856422359e+05,8.489890360274579143e+05,3.906510851419031496e+03,-9.676192360482255950e+00,40.21540951469835,0.14716953112283612
7.219357716644880129e+05,8.490177627271082019e+05,3.956594323873121994e+03,-1.464637706201797229e+01,45.67428357752194,0.148248377722808
7.219767976433337899e+05,8.490464894267584896e+05,4.006677796327212036e+03,-2.106966593505203988e+01,49.70601274674993,0.12596012529309436
7.220178236221797997e+05,8.490752161264087772e+05,4.056761268781302078e+03,-2.623800195975456617e+01,51.3170772324853,0.10170128514697711
7.220588496010255767e+05,8.491039428260591812e+05,4.106844741235392576e+03,-2.914801910065939339e+01,51.290619149139886,0.08550796715357008
7.220998755798714701e+05,8.491326695257094689e+05,4.156928213689482618e+03,-2.976065975756551296e+01,50.300884944295134,0.07271209535961999
7.221409015587173635e+05,8.491613962253597565e+05,4.207011686143572661e+03,-2.902359715321071221e+01,48.750731852711624,0.07777036799312355
7.221819275375631405e+05,8.491901229250100441e+05,4.257095158597662703e+03,-2.733445057549245760e+01,47.35288634623529,0.09142481597828529
7.222229535164090339e+05,8.492188496246603318e+05,4.307178631051752745e+03,-2.466646977477274305e+01,45.95416924297296,0.08606787197114722
7.222639794952548109e+05,8.492475763243106194e+05,4.357262103505843697e+03,-2.161455005647533767e+01,45.87599171064821,0.0712470822919478
7.223050054741008207e+05,8.492763030239609070e+05,4.407345575959933740e+03,-1.922584372907548556e+01,47.73924533918271,0.05816211302689448
7.223460314529465977e+05,8.493050297236113111e+05,4.457429048414022873e+03,-1.779594582003882763e+01,50.94847063895603,0.061655554188911506
7.223870574317923747e+05,8.493337564232615987e+05,4.507512520868112915e+03,-1.803494809561987822e+01,56.194779370434176,0.07438269166422437
7.224280834106383845e+05,8.493624831229118863e+05,4.557595993322203867e+03,-2.037416834307942537e+01,61.89637621001549,0.0776388313602983
7.224691093894841615e+05,8.493912098225621739e+05,4.607679465776293910e+03,-2.393521284693204620e+01,67.44051796177547,0.0861025542941296
7.225101353683300549e+05,8.494199365222125780e+05,4.657762938230383952e+03,-2.861198248343257333e+01,73.06358867756849,0.13175341225847284
7.225511613471759483e+05,8.494486632218628656e+05,4.707846410684473994e+03,-3.379335523583133494e+01,77.80486437370409,0.1490060331750293
7.225921873260217253e+05,8.494773899215131532e+05,4.757929883138564946e+03,-3.794248697087371625e+01,82.27498181861881,0.16302766941733468
7.226332133048676187e+05,8.495061166211634409e+05,4.808013355592654989e+03,-4.315370766591782825e+01,87.21054954882172,0.16421659679160067
7.226742392837135121e+05,8.495348433208137285e+05,4.858096828046745031e+03,-4.863699217344568382e+01,91.25005906654697,0.1415239439795151
7.227152652625592891e+05,8.495635700204640161e+05,4.908180300500835074e+03,-5.204365335076483490e+01,93.17930650229495,0.1312789058963143
7.227562912414051825e+05,8.495922967201143038e+05,4.958263772954924207e+03,-5.332289008590547041e+01,93.72656571536302,0.12127271137634406
7.227973172202510759e+05,8.496210234197645914e+05,5.008347245409015159e+03,-5.325569064283038045e+01,93.5355836209513,0.10406069152237356
7.228383431990969693e+05,8.496497501194148790e+05,5.058430717863105201e+03,-5.220179092536935883e+01,92.61989235668815,0.09099052633189184
7.228793691779427463e+05,8.496784768190651666e+05,5.108514190317195244e+03,-5.035509912429571955e+01,91.15903195636662,0.06931127106016938
7.229203951567885233e+05,8.497072035187154543e+05,5.158597662771285286e+03,-4.819173306284916691e+01,89.20565092751282,0.07231475777548903
7.229614211356345331e+05,8.497359302183658583e+05,5.208681135225376238e+03,-4.589399110907070423e+01,87.07247808944544,0.08664275061791955
7.230024471144803101e+05,8.497646569180161459e+05,5.258764607679466280e+03,-4.326702168628794709e+01,84.40882807197718,0.05555703259124355
7.230434730933262035e+05,8.497933836176664336e+05,5.308848080133556323e+03,-4.135025942594558046e+01,81.91424798024623,0.029296761507150118
7.230844990721720969e+05,8.498221103173167212e+05,5.358931552587646365e+03,-4.024803547458869701e+01,79.8651324283667,0.041421204131162244
7.231255250510178739e+05,8.498508370169670088e+05,5.409015025041735498e+03,-3.950795446223695961e+01,77.86254192729369,0.057088698252327354
7.231665510298637673e+05,8.498795637166172964e+05,5.459098497495826450e+03,-3.804509424740102475e+01,75.27909740501221,0.05812317963545918
7.232075770087096607e+05,8.499082904162675841e+05,5.509181969949916493e+03,-3.638835487260325863e+01,73.17247643481761,0.05582413866008844
7.232486029875555541e+05,8.499370171159178717e+05,5.559265442404006535e+03,-3.529809806733344857e+01,72.71898025534952,0.0937336858388978
7.232896289664013311e+05,8.499657438155681593e+05,5.609348914858096578e+03,-3.258778826198553702e+01,71.4807842141634,0.11012395250776817
7.233306549452472245e+05,8.499944705152184470e+05,5.659432387312187529e+03,-2.788527376174569028e+01,68.30407187006607,0.10788257065677968
7.233716809240931179e+05,8.500231972148687346e+05,5.709515859766277572e+03,-2.258235038928740934e+01,63.94681726165595,0.10640815375795674
7.234127069029388949e+05,8.500519239145191386e+05,5.759599332220367614e+03,-1.875104295840429813e+01,60.0484716395596,0.10064360745604531
7.234537328817847883e+05,8.500806506141695427e+05,5.809682804674457657e+03,-1.816486896003288010e+01,58.61807153929744,0.09460714668761536
7.234947588606306817e+05,8.501093773138198303e+05,5.859766277128547699e+03,-2.056168506714202238e+01,59.71841716305251,0.08768411819088515
7.235357848394764587e+05,8.501381040134701179e+05,5.909849749582637742e+03,-2.432657412963708765e+01,61.8183098604791,0.07658919796229624
7.235768108183224685e+05,8.501668307131204056e+05,5.959933222036727784e+03,-2.771803005286785648e+01,63.281110314332174,0.07012255394080386
7.236178367971682455e+05,8.501955574127706932e+05,6.010016694490817827e+03,-2.973302193168872520e+01,63.56665021957041,0.0631261939064816
7.236588627760140225e+05,8.502242841124209808e+05,6.060100166944907869e+03,-3.012147960194343099e+01,62.638171774252186,0.06552386956571982
7.236998887548600323e+05,8.502530108120712684e+05,6.110183639398998821e+03,-2.890320866416231027e+01,60.47550739571244,0.05662594209460635
7.237409147337058093e+05,8.502817375117215561e+05,6.160267111853088863e+03,-2.718376040037843211e+01,57.87806337454634,0.03619514666165448
7.237819407125517027e+05,8.503104642113718437e+05,6.210350584307178906e+03,-2.564829464377687529e+01,55.544767921568116,0.043044947255989036
7.238229666913974797e+05,8.503391909110221313e+05,6.260434056761268948e+03,-2.366582439792470183e+01,53.21426173035845,0.052657526436877024
7.238639926702433731e+05,8.503679176106725354e+05,6.310517529215359900e+03,-2.111840729772135816e+01,50.68538146235923,0.05937901791779588
7.239050186490892665e+05,8.503966443103228230e+05,6.360601001669449033e+03,-1.815474040573940329e+01,48.16702455227896,0.06258498423403398
7.239460446279350435e+05,8.504253710099731106e+05,6.410684474123539076e+03,-1.480249762211544962e+01,46.0944877919785,0.08058616029673102
7.239870706067810534e+05,8.504540977096233983e+05,6.460767946577629118e+03,-9.631670904406121281e+00,43.54410288436314,0.13996797244162498
7.240280965856268303e+05,8.504828244092736859e+05,6.510851419031719161e+03,-1.608398356219186809e+00,38.22966909894899,0.1878405850853314
7.240691225644726073e+05,8.505115511089239735e+05,6.560934891485810112e+03,6.898741982939150752e+00,30.630094708500817,0.24171100407007415
7.241101485433186172e+05,8.505402778085742611e+05,6.611018363939900155e+03,1.242532423754824045e+01,22.038891275119905,0.2793821926979469
7.241511745221643941e+05,8.505690045082245488e+05,6.661101836393990197e+03,1.198708541143083117e+01,18.001185404322026,0.25031453973721046
7.241922005010102876e+05,8.505977312078748364e+05,6.711185308848080240e+03,7.608157327194507324e+00,21.137807147327152,0.2213136812605658
7.242332264798561810e+05,8.506264579075251240e+05,6.761268781302171192e+03,1.242099683372680730e+00,28.266025720935332,0.21558305566461514
7.242742524587019579e+05,8.506551846071754117e+05,6.811352253756260325e+03,-7.321558900070519016e+00,36.70139671949408,0.17768524600477956
7.243152784375478514e+05,8.506839113068258157e+05,6.861435726210350367e+03,-1.499475383466726974e+01,43.65895608124075,0.15568433291053987
7.243563044163937448e+05,8.507126380064761033e+05,6.911519198664440410e+03,-2.272685459661334662e+01,50.760958002202436,0.18056330933456663
7.243973303952395217e+05,8.507413647061263910e+05,6.961602671118530452e+03,-3.165335765561997050e+01,58.77575432999416,0.2203024604215459
7.244383563740854152e+05,8.507700914057766786e+05,7.011686143572621404e+03,-4.104949823945096199e+01,66.7116478758232,0.230251109665387
7.244793823529311921e+05,8.507988181054269662e+05,7.061769616026711446e+03,-4.924957938248859080e+01,74.22814942702803,0.20651369438643735
7.245204083317772020e+05,8.508275448050772538e+05,7.111853088480801489e+03,-5.699276405516331323e+01,82.35988166776441,0.21980146856904587
7.245614343106229790e+05,8.508562715047276579e+05,7.161936560934891531e+03,-6.667465312781753539e+01,92.16138775232601,0.28904621904506705
7.246024602894687559e+05,8.508849982043779455e+05,7.212020033388982483e+03,-7.607877991860875966e+01,100.92565668988323,0.3504724031398632
7.246434862683147658e+05,8.509137249040282331e+05,7.262103505843071616e+03,-8.013843239574498512e+01,104.84845177396,0.3745493088517738
7.246845122471605428e+05,8.509424516036785208e+05,7.312186978297161659e+03,-7.572586536745892261e+01,102.1695311702261,0.3350890998420147
7.247255382260064362e+05,8.509711783033288084e+05,7.362270450751251701e+03,-6.506125172372247789e+01,94.62569960212754,0.29074941770987783
7.247665642048523296e+05,8.509999050029792124e+05,7.412353923205342653e+03,-5.313150543708096762e+01,85.47176535903206,0.21368855125766567
7.248075901836981066e+05,8.510286317026295001e+05,7.462437395659432696e+03,-4.493288762132269909e+01,78.65340671609538,0.1563653115433378
7.248486161625440000e+05,8.510573584022797877e+05,7.512520868113522738e+03,-4.103573183221568854e+01,74.7307832271034,0.10597171601748168
7.248896421413898934e+05,8.510860851019300753e+05,7.562604340567612780e+03,-4.051781110423468846e+01,72.99521941777637,0.08363668053008766
7.249306681202357868e+05,8.511148118015803630e+05,7.612687813021702823e+03,-4.231498661983709297e+01,72.67614160661296,0.058709490469480555
7.249716940990815638e+05,8.511435385012306506e+05,7.662771285475793775e+03,-4.464557548601749204e+01,72.20681214594717,0.04904566426592772
7.250127200779274572e+05,8.511722652008809382e+05,7.712854757929883817e+03,-4.622274684636726505e+01,70.8779255199196,0.04519264669012298
7.250537460567733506e+05,8.512009919005312258e+05,7.762938230383972950e+03,-4.659646372471249975e+01,68.41949051399374,0.03667109863563448
7.250947720356191276e+05,8.512297186001815135e+05,7.813021702838062993e+03,-4.621494241217139631e+01,65.3585647190467,0.03325887466298026
7.251357980144651374e+05,8.512584452998318011e+05,7.863105175292153945e+03,-4.553996098876480403e+01,62.413081857588665,0.039752177027742794
7.251768239933109144e+05,8.512871719994822051e+05,7.913188647746243987e+03,-4.417172984616593823e+01,59.05520964049183,0.032147895846683726
7.252178499721566914e+05,8.513158986991324928e+05,7.963272120200334030e+03,-4.296434703951864975e+01,56.21432169795422,0.02917770555760834
7.252588759510025848e+05,8.513446253987827804e+05,8.013355592654424072e+03,-4.374353971981131650e+01,55.41310345391543,0.04688207346265619
7.252999019298484782e+05,8.513733520984330680e+05,8.063439065108515024e+03,-4.712958921178547200e+01,57.63349401948937,0.09177488051181587
7.253409279086942552e+05,8.514020787980833557e+05,8.113522537562604157e+03,-5.120816700290934165e+01,61.283951810770034,0.11213396001143457
7.253819538875401486e+05,8.514308054977336433e+05,8.163606010016695109e+03,-5.551945942948407975e+01,65.42293514995258,0.13986600348189865
7.254229798663860420e+05,8.514595321973839309e+05,8.213689482470785151e+03,-6.335620673475792586e+01,72.56230231973888,0.2226818374620008
7.254640058452319354e+05,8.514882588970342185e+05,8.263772954924874284e+03,-7.309025522454970769e+01,80.95522807071539,0.2799950392599293
7.255050318240777124e+05,8.515169855966845062e+05,8.313856427378965236e+03,-8.173868172439196655e+01,88.15365891170845,0.29846172703370344
7.255460578029236058e+05,8.515457122963347938e+05,8.363939899833054369e+03,-8.762038805927298313e+01,93.06033696052215,0.2945859159597205
7.255870837817694992e+05,8.515744389959850814e+05,8.414023372287145321e+03,-9.009464070656957801e+01,95.61835970012612,0.2779930488628176
7.256281097606152762e+05,8.516031656956354855e+05,8.464106844741236273e+03,-8.823275265959880187e+01,95.23317298280297,0.22378998258359348
7.256691357394612860e+05,8.516318923952858895e+05,8.514190317195325406e+03,-8.290982111254646725e+01,92.30955637199305,0.18189594924415106
7.257101617183070630e+05,8.516606190949361771e+05,8.564273789649416358e+03,-7.720918010582956015e+01,88.67187120102052,0.11860997648329856
7.257511876971528400e+05,8.516893457945864648e+05,8.614357262103505491e+03,-7.404357188187613303e+01,87.12465386599403,0.08821031225778153
7.257922136759988498e+05,8.517180724942367524e+05,8.664440734557596443e+03,-7.166306001454566399e+01,86.28489496064162,0.08124248141716457
7.258332396548446268e+05,8.517467991938870400e+05,8.714524207011687395e+03,-7.042401415884012295e+01,87.23517594616567,0.09043888471345977
7.258742656336905202e+05,8.517755258935373276e+05,8.764607679465776528e+03,-6.956020842457819242e+01,90.13737422580549,0.13757541663425957
7.259152916125364136e+05,8.518042525931876153e+05,8.814691151919867480e+03,-6.663030046586008837e+01,90.95008750483915,0.13084686102387413
7.259563175913821906e+05,8.518329792928379029e+05,8.864774624373958432e+03,-6.353827943140512957e+01,89.53823595351705,0.10238104948069747
7.259973435702280840e+05,8.518617059924881905e+05,8.914858096828045745e+03,-6.216477570481156079e+01,88.10106934860201,0.11213802225172546
7.260383695490738610e+05,8.518904326921384782e+05,8.964941569282136697e+03,-6.187640268926885767e+01,88.34099832941399,0.16814515978199115
7.260793955279198708e+05,8.519191593917888822e+05,9.015025041736225830e+03,-5.893685946597651792e+01,88.33430322608214,0.18280841038298468
7.261204215067656478e+05,8.519478860914391698e+05,9.065108514190316782e+03,-5.287526289384051381e+01,86.69186464311797,0.16344969985417565
7.261614474856114248e+05,8.519766127910894575e+05,9.115191986644407734e+03,-4.487389686033149871e+01,83.62100077737769,0.16900614904265898
7.262024734644574346e+05,8.520053394907397451e+05,9.165275459098496867e+03,-3.677803128263756349e+01,79.03591275526789,0.16131907909391996
7.262434994433032116e+05,8.520340661903900327e+05,9.215358931552587819e+03,-3.072871473797281183e+01,74.02387115961909,0.11987716412166838
7.262845254221489886e+05,8.520627928900403203e+05,9.265442404006676952e+03,-2.642846249190832353e+01,69.00980061270043,0.1017752741658724
7.263255514009949984e+05,8.520915195896906080e+05,9.315525876460767904e+03,-2.398054517976629540e+01,63.701521145203614,0.06462642907322748
7.263665773798407754e+05,8.521202462893408956e+05,9.365609348914858856e+03,-2.303697594740234678e+01,59.24292335521935,0.039163249357954
7.264076033586866688e+05,8.521489729889911832e+05,9.415692821368947989e+03,-2.237024317435044196e+01,54.955456277173404,0.05227931257025473
7.264486293375325622e+05,8.521776996886414709e+05,9.465776293823038941e+03,-2.312059727384150776e+01,51.56773787248703,0.05837542321056659
7.264896553163783392e+05,8.522064263882917585e+05,9.515859766277129893e+03,-2.538581002949531751e+01,50.4337777193987,0.05694137690142059
7.265306812952242326e+05,8.522351530879421625e+05,9.565943238731219026e+03,-2.829980881749712651e+01,50.72455643403329,0.08031015567834492
7.265717072740701260e+05,8.522638797875924502e+05,9.616026711185309978e+03,-3.281135853510895117e+01,52.95731354379801,0.11457235158532562
7.266127332529160194e+05,8.522926064872427378e+05,9.666110183639399111e+03,-3.922056301013217450e+01,58.1766613937983,0.1590615930886281
7.266537592317617964e+05,8.523213331868930254e+05,9.716193656093490063e+03,-4.687369349886550651e+01,65.97394969177941,0.2201702008980046
7.266947852106076898e+05,8.523500598865433130e+05,9.766277128547581015e+03,-5.358352110192027595e+01,74.96855256975964,0.30395632339718576
7.267358111894535832e+05,8.523787865861936007e+05,9.816360601001670148e+03,-5.449829089191924680e+01,81.26249547866682,0.3148239705235746
7.267768371682993602e+05,8.524075132858440047e+05,9.866444073455759280e+03,-4.866465508622592750e+01,81.29189315878668,0.23771348912504214
7.268178631471452536e+05,8.524362399854942923e+05,9.916527545909848413e+03,-4.150551670899349688e+01,78.74281912164905,0.17495568827709265
7.268588891259911470e+05,8.524649666851445800e+05,9.966611018363939365e+03,-3.480646516502654464e+01,75.52244891988536,0.12874893451463235
7.268999151048369240e+05,8.524936933847948676e+05,1.001669449081803032e+04,-2.941594191132236347e+01,72.38062328283127,0.09320774097193911
7.269409410836828174e+05,8.525224200844451552e+05,1.006677796327211945e+04,-2.522219109414247740e+01,69.57147534333645,0.07640498983168628
7.269819670625287108e+05,8.525511467840955593e+05,1.011686143572621040e+04,-2.200205446007142029e+01,66.50570805009633,0.06824153031582356
7.270229930413746042e+05,8.525798734837458469e+05,1.016694490818029954e+04,-2.026694910625201018e+01,63.52786405115153,0.05784053159909755
7.270640190202203812e+05,8.526086001833961345e+05,1.021702838063439049e+04,-1.946879455232399891e+01,60.66083553283052,0.06461348000040634
7.271050449990662746e+05,8.526373268830464222e+05,1.026711185308848144e+04,-1.935039240455225240e+01,58.66957102209071,0.05914088494470264
7.271460709779121680e+05,8.526660535826967098e+05,1.031719532554257057e+04,-1.868604134771211278e+01,57.69880971643457,0.06338461396826908
7.271870969567579450e+05,8.526947802823469974e+05,1.036727879799666152e+04,-1.716529359628727036e+01,57.05808930361743,0.074704864709614
7.272281229356038384e+05,8.527235069819972850e+05,1.041736227045075248e+04,-1.516657000497418473e+01,55.90794573594451,0.07375614423059584
7.272691489144497318e+05,8.527522336816475727e+05,1.046744574290484161e+04,-1.391874525500892013e+01,54.08739755360913,0.0746122189815687
7.273101748932955088e+05,8.527809603812978603e+05,1.051752921535893256e+04,-1.400105280730816126e+01,51.99396476605143,0.07218760426813814
7.273512008721415186e+05,8.528096870809481479e+05,1.056761268781302169e+04,-1.530478169098133101e+01,50.24073619474137,0.06996464580807116
7.273922268509872956e+05,8.528384137805984356e+05,1.061769616026711265e+04,-1.742369062266307367e+01,49.08499281733616,0.0793911227169953
7.274332528298330726e+05,8.528671404802488396e+05,1.066777963272120360e+04,-1.948148096883350533e+01,49.18536639728199,0.09136881142826274
7.274742788086790824e+05,8.528958671798991272e+05,1.071786310517529273e+04,-2.035322164993660010e+01,49.37410344886805,0.08367557704650452
7.275153047875248594e+05,8.529245938795494149e+05,1.076794657762938368e+04,-2.123078521404917041e+01,50.231257713923185,0.07482979161950805
7.275563307663707528e+05,8.529533205791997025e+05,1.081803005008347100e+04,-2.229555261855994175e+01,51.96002473540287,0.07342476401177761
7.275973567452165298e+05,8.529820472788499901e+05,1.086811352253756195e+04,-2.369966193422973078e+01,54.23615670585708,0.07741098989421935
7.276383827240624232e+05,8.530107739785002777e+05,1.091819699499165290e+04,-2.523330511200274628e+01,57.30718874024609,0.06668137691264595
7.276794087029083166e+05,8.530395006781505654e+05,1.096828046744574203e+04,-2.616720365087989819e+01,60.94913737915539,0.0628345153873492
7.277204346817540936e+05,8.530682273778008530e+05,1.101836393989983299e+04,-2.627277842682665110e+01,64.40289845039318,0.07100002717179833
7.277614606606001034e+05,8.530969540774511406e+05,1.106844741235392394e+04,-2.614074677677561809e+01,67.34633552272602,0.08012641133958587
7.278024866394458804e+05,8.531256807771014282e+05,1.111853088480801307e+04,-2.697281692497433880e+01,70.82018316663151,0.11426394824321667
7.278435126182916574e+05,8.531544074767517159e+05,1.116861435726210402e+04,-2.730450442948852441e+01,75.64092998520834,0.14931209231237338
7.278845385971376672e+05,8.531831341764021199e+05,1.121869782971619316e+04,-2.564230574157295806e+01,80.33850148190056,0.14366451971873762
7.279255645759834442e+05,8.532118608760525240e+05,1.126878130217028411e+04,-2.376804000819741347e+01,86.27456306646215,0.21546698036391365
7.279665905548293376e+05,8.532405875757028116e+05,1.131886477462437506e+04,-1.886268336165656478e+01,92.15503723411038,0.24440606935212364
7.280076165336752310e+05,8.532693142753530992e+05,1.136894824707846419e+04,-1.078244623206820485e+01,96.83710970081395,0.25347467511811256
7.280486425125210080e+05,8.532980409750033868e+05,1.141903171953255514e+04,-5.788248518258874986e-01,99.43534419808813,0.2313746737915272
7.280896684913669014e+05,8.533267676746536745e+05,1.146911519198664428e+04,1.002335044232703787e+01,101.720693024597,0.22862395311616643
7.281306944702127948e+05,8.533554943743039621e+05,1.151919866444073523e+04,2.306270382733967850e+01,105.9564202470777,0.309162288604311
7.281717204490585718e+05,8.533842210739542497e+05,1.156928213689482618e+04,3.880408470026990386e+01,108.39695540304362,0.3564267011116265
7.282127464279044652e+05,8.534129477736045374e+05,1.161936560934891531e+04,5.469765351649128604e+01,109.12879953093598,0.4185307205006621
7.282537724067503586e+05,8.534416744732548250e+05,1.166944908180300627e+04,6.943423848819180932e+01,106.65924517488597,0.5062278984886226
7.282947983855962520e+05,8.534704011729051126e+05,1.171953255425709540e+04,7.772290486498768303e+01,96.56016745148685,0.5682677475288195
7.283358243644420290e+05,8.534991278725555167e+05,1.176961602671118453e+04,7.349314247981401138e+01,77.21534780401464,0.5699840230871045
7.283768503432878060e+05,8.535278545722058043e+05,1.181969949916527548e+04,5.487321356124635230e+01,50.47536105098616,0.49516743957337717
7.284178763221338158e+05,8.535565812718560919e+05,1.186978297161936462e+04,3.461509403173481303e+01,30.666153426576237,0.35267505919746694
7.284589023009795928e+05,8.535853079715063795e+05,1.191986644407345557e+04,2.150383172766660422e+01,30.73677386544057,0.2988588291451228
7.284999282798254862e+05,8.536140346711566672e+05,1.196994991652754652e+04,1.872092399193686418e+01,45.306935207389394,0.31836764760824077
7.285409542586713796e+05,8.536427613708069548e+05,1.202003338898163565e+04,2.711497247657236898e+01,58.60220813530789,0.3873880282686918
7.285819802375171566e+05,8.536714880704572424e+05,1.207011686143572661e+04,4.340360855880603452e+01,66.67039223943328,0.4874739640843977
7.286230062163630500e+05,8.537002147701075301e+05,1.212020033388981574e+04,5.488517960021153641e+01,62.60076215534835,0.49826311078761654
7.286640321952089434e+05,8.537289414697578177e+05,1.217028380634390669e+04,5.166802371197123023e+01,48.5161987744746,0.3458322091424542
7.287050581740548369e+05,8.537576681694081053e+05,1.222036727879799764e+04,4.250576986613294395e+01,33.231390464448474,0.25936333982363835
7.287460841529006138e+05,8.537863948690585094e+05,1.227045075125208677e+04,3.155932848772408050e+01,19.635760846630692,0.2048257342772403
7.287871101317465072e+05,8.538151215687087970e+05,1.232053422370617773e+04,2.277132193613237021e+01,14.387851550040256,0.18404748982601576
7.288281361105924007e+05,8.538438482683590846e+05,1.237061769616026686e+04,1.661979345860159185e+01,17.42644288194589,0.1627704413829877
7.288691620894381776e+05,8.538725749680093722e+05,1.242070116861435781e+04,1.210076610794568452e+01,22.502551917040226,0.170456736468971
7.289101880682840711e+05,8.539013016676596599e+05,1.247078464106844876e+04,8.569429204580460535e+00,28.469005420324503,0.17798626568234427
7.289512140471299645e+05,8.539300283673099475e+05,1.252086811352253790e+04,6.435073805346271492e+00,35.43735591846882,0.19902666879505612
7.289922400259757414e+05,8.539587550669603515e+05,1.257095158597662885e+04,7.169809874333286537e+00,43.11090971951325,0.21687656185626827
7.290332660048217513e+05,8.539874817666106392e+05,1.262103505843071980e+04,1.177130956118396377e+01,50.37045325232091,0.22041977743832036
7.290742919836675283e+05,8.540162084662609268e+05,1.267111853088480711e+04,1.959802290160861915e+01,56.70851195248053,0.21630928547847109
7.291153179625133052e+05,8.540449351659112144e+05,1.272120200333889807e+04,2.904642723342062283e+01,62.40484894453929,0.21012239393617618
7.291563439413591987e+05,8.540736618655615021e+05,1.277128547579298720e+04,3.940749756665122305e+01,68.85469263623835,0.2501386613736258
7.291973699202050921e+05,8.541023885652119061e+05,1.282136894824707815e+04,5.395375566935735634e+01,78.05475658117368,0.38702752074246294
7.292383958990509855e+05,8.541311152648621937e+05,1.287145242070116910e+04,7.536910497865751779e+01,87.81320553634599,0.52037182367568
7.292794218778967625e+05,8.541598419645124814e+05,1.292153589315525824e+04,9.354831750956149961e+01,92.32691305229834,0.6270867182082696
7.293204478567426559e+05,8.541885686641627690e+05,1.297161936560934919e+04,9.791720887282899355e+01,87.62807191812173,0.586002562982638
7.293614738355885493e+05,8.542172953638130566e+05,1.302170283806343832e+04,9.017191079628346984e+01,77.8516463332341,0.5279997208392432
7.294024998144343263e+05,8.542460220634633442e+05,1.307178631051752927e+04,7.416584687286757571e+01,65.43549556598425,0.5228091753433686
7.294435257932803361e+05,8.542747487631136319e+05,1.312186978297162022e+04,5.264585551377106043e+01,48.38255846471435,0.4047461069861285
7.294845517721261131e+05,8.543034754627639195e+05,1.317195325542570936e+04,3.674403454404772873e+01,32.645824193305735,0.25703804124086926
7.295255777509718901e+05,8.543322021624142071e+05,1.322203672787980031e+04,2.632549711890225907e+01,20.896730160020567,0.18766094203072048
7.295666037298178999e+05,8.543609288620644948e+05,1.327212020033389126e+04,1.840458923293069304e+01,12.469637909551995,0.16525016317612784
7.296076297086636769e+05,8.543896555617147824e+05,1.332220367278798039e+04,1.223850544559283371e+01,6.620122965833692,0.14577569740949387
7.296486556875095703e+05,8.544183822613651864e+05,1.337228714524207135e+04,8.590799970327395840e+00,6.404758138172556,0.12198066279486391
7.296896816663554637e+05,8.544471089610154741e+05,1.342237061769616048e+04,7.418929919971959386e+00,10.135458523908621,0.10393445586516632
7.297307076452012407e+05,8.544758356606657617e+05,1.347245409015025143e+04,9.050464670492964103e+00,13.608602426042879,0.07774858381557698
7.297717336240471341e+05,8.545045623603160493e+05,1.352253756260434238e+04,1.301381378896453889e+01,16.729716196392275,0.10812119690877749
7.298127596028930275e+05,8.545332890599663369e+05,1.357262103505843152e+04,1.876920733279660780e+01,18.654243497957534,0.21191884097951325
7.298537855817388045e+05,8.545620157596166246e+05,1.362270450751252065e+04,2.079614734517714680e+01,17.28799905359731,0.29954783259448675
7.298948115605846979e+05,8.545907424592669122e+05,1.367278797996660978e+04,1.389399882192388880e+01,12.447730514387894,0.2684128513741358
7.299358375394304749e+05,8.546194691589171998e+05,1.372287145242070073e+04,2.572854186796536435e+00,12.314125549940025,0.25798814469744036
7.299768635182764847e+05,8.546481958585674874e+05,1.377295492487479169e+04,-9.175025917815313292e+00,21.67695405235814,0.2792663320959664
7.300178894971222617e+05,8.546769225582177751e+05,1.382303839732888082e+04,-1.635817672590015093e+01,32.451236289944454,0.3026771244445641
7.300589154759680387e+05,8.547056492578680627e+05,1.387312186978297177e+04,-1.602425738989627746e+01,40.05700491939627,0.25716459848010714
7.300999414548140485e+05,8.547343759575184667e+05,1.392320534223706090e+04,-1.161223232537432892e+01,44.78136003284045,0.2212350032887146
7.301409674336598255e+05,8.547631026571688708e+05,1.397328881469115186e+04,-5.222849574496637004e+00,47.44093457554038,0.18470746599107532
7.301819934125057189e+05,8.547918293568191584e+05,1.402337228714524281e+04,1.471074258866268414e+00,48.97199838002998,0.15188965807102306
7.302230193913516123e+05,8.548205560564694460e+05,1.407345575959933194e+04,8.050294847729794867e+00,51.177649934668395,0.15475382062500223
7.302640453701973893e+05,8.548492827561197337e+05,1.412353923205342289e+04,1.535337876038246741e+01,53.94882151758038,0.16204308033385265
7.303050713490432827e+05,8.548780094557700213e+05,1.417362270450751384e+04,2.417277044152199039e+01,56.701878343579175,0.19146472010457294
7.303460973278891761e+05,8.549067361554203089e+05,1.422370617696160298e+04,3.218601424260173616e+01,56.96382404195476,0.16207926010859827
7.303871233067350695e+05,8.549354628550705966e+05,1.427378964941569393e+04,3.742895973934697906e+01,55.848755157480944,0.13110455325371337
7.304281492855808465e+05,8.549641895547208842e+05,1.432387312186978306e+04,4.111820794629021236e+01,54.28924675971429,0.12930153445692477
7.304691752644267399e+05,8.549929162543711718e+05,1.437395659432387401e+04,4.260753391956583869e+01,51.075663822640806,0.11093652367730426
7.305102012432726333e+05,8.550216429540214594e+05,1.442404006677796497e+04,4.135335563599492303e+01,47.255276175632424,0.06799419005794456
7.305512272221184103e+05,8.550503696536718635e+05,1.447412353923205410e+04,3.912388888128615605e+01,44.146771084414276,0.052896072278966845
7.305922532009644201e+05,8.550790963533221511e+05,1.452420701168614323e+04,3.692792763001186529e+01,41.918678107817684,0.039730744363276296
7.306332791798101971e+05,8.551078230529724387e+05,1.457429048414023237e+04,3.464175855109214552e+01,39.39640021468388,0.053741643046147876
7.306743051586559741e+05,8.551365497526227264e+05,1.462437395659432332e+04,3.293318283074239616e+01,37.489804089347686,0.019529970575336588
7.307153311375018675e+05,8.551652764522730140e+05,1.467445742904841427e+04,3.242769139251923605e+01,36.063742623917534,0.030967323716062246
7.307563571163477609e+05,8.551940031519233016e+05,1.472454090150250340e+04,3.080222266679324505e+01,33.31071080508888,0.056903524552867395
7.307973830951935379e+05,8.552227298515735893e+05,1.477462437395659435e+04,2.800005444536016341e+01,29.629739732850773,0.07652479191140636
7.308384090740394313e+05,8.552514565512238769e+05,1.482470784641068531e+04,2.754711341279697123e+01,28.576400692587082,0.06964892995907337
7.308794350528853247e+05,8.552801832508741645e+05,1.487479131886477444e+04,2.896555371153406355e+01,29.52132229695432,0.08610724369031746
7.309204610317312181e+05,8.553089099505244521e+05,1.492487479131886539e+04,3.194311104238733634e+01,32.26911927020927,0.12601156271611846
7.309614870105769951e+05,8.553376366501747398e+05,1.497495826377295452e+04,3.773337579948165654e+01,36.5801013749231,0.15690727610276525
7.310025129894228885e+05,8.553663633498251438e+05,1.502504173622704548e+04,4.485739259937483325e+01,40.69959597568171,0.15978097634698396
7.310435389682687819e+05,8.553950900494754314e+05,1.507512520868113643e+04,5.019919922186571171e+01,43.35500897234973,0.1713575041246307
7.310845649471145589e+05,8.554238167491257191e+05,1.512520868113522556e+04,5.362947519752274417e+01,44.57399168755652,0.18823440584772247
7.311255909259605687e+05,8.554525434487760067e+05,1.517529215358931651e+04,5.523265459541862299e+01,44.179727659519536,0.17328874418659326
7.311666169048063457e+05,8.554812701484262943e+05,1.522537562604340565e+04,5.522842917285970543e+01,42.73729566532516,0.15090034669879573
7.312076428836521227e+05,8.555099968480765820e+05,1.527545909849749660e+04,5.399833447469686831e+01,40.83834030724663,0.14194258862887615
7.312486688624981325e+05,8.555387235477269860e+05,1.532554257095158755e+04,5.321330533539757823e+01,39.302632104972744,0.1481157704581672
7.312896948413439095e+05,8.555674502473772736e+05,1.537562604340567668e+04,5.567588124657752502e+01,40.83107335324883,0.1468703573211286
7.313307208201898029e+05,8.555961769470275613e+05,1.542570951585976763e+04,5.571460199259716006e+01,42.67867384527858,0.15465380539708126
7.313717467990356963e+05,8.556249036466778489e+05,1.547579298831385677e+04,4.959809583127099586e+01,41.932698790564935,0.15949269425405938
7.314127727778814733e+05,8.556536303463281365e+05,1.552587646076794590e+04,4.123461668302129368e+01,40.48300742872339,0.19034319715707768
7.314537987567273667e+05,8.556823570459785406e+05,1.557595993322203685e+04,3.421645287148607650e+01,39.18674148405379,0.19727683011396957
7.314948247355731437e+05,8.557110837456288282e+05,1.562604340567612599e+04,2.991161921023611825e+01,39.15130423542124,0.1466622861936017
7.315358507144191535e+05,8.557398104452791158e+05,1.567612687813021694e+04,2.588943806190962249e+01,40.25065855817828,0.12548545613690204
7.315768766932649305e+05,8.557685371449294034e+05,1.572621035058430789e+04,2.135256353069460999e+01,41.29846075571138,0.13380085558783092
7.316179026721107075e+05,8.557972638445796911e+05,1.577629382303839702e+04,1.673238744951372681e+01,41.819023048384466,0.1449796982639877
7.316589286509567173e+05,8.558259905442299787e+05,1.582637729549248797e+04,1.350173083494736659e+01,42.553212383626466,0.10978866268592856
7.316999546298024943e+05,8.558547172438802663e+05,1.587646076794657711e+04,9.195121614556422074e+00,44.01940256982645,0.12729678666430497
7.317409806086482713e+05,8.558834439435305540e+05,1.592654424040066806e+04,3.486374981298238307e+00,44.99930301437634,0.1640877022160682
7.317820065874942811e+05,8.559121706431808416e+05,1.597662771285475901e+04,-2.855628708779746283e+00,44.830497447309604,0.1859344421365262
7.318230325663400581e+05,8.559408973428311292e+05,1.602671118530884814e+04,-7.853003069821675730e+00,43.5699619046272,0.1667653979091589
7.318640585451859515e+05,8.559696240424814168e+05,1.607679465776293910e+04,-1.202834875975374551e+01,42.007325645017545,0.17204660671628655
7.319050845240318449e+05,8.559983507421318209e+05,1.612687813021703005e+04,-1.437103471385972320e+01,39.76419439878128,0.1586771773118641
7.319461105028776219e+05,8.560270774417821085e+05,1.617696160267112100e+04,-1.482244687868394450e+01,36.83347962894408,0.14262386432773014
7.319871364817235153e+05,8.560558041414323961e+05,1.622704507512520831e+04,-1.389287918436097158e+01,33.19852970086348,0.1345087395525898
7.320281624605694087e+05,8.560845308410826838e+05,1.627712854757929927e+04,-1.173757457391086589e+01,28.815882541820745,0.1481948818821238
7.320691884394153021e+05,8.561132575407329714e+05,1.632721202003339022e+04,-7.218470851132379629e+00,24.03319206876519,0.13392672891839802
7.321102144182610791e+05,8.561419842403832590e+05,1.637729549248748117e+04,-2.601949680059841619e+00,22.833854291484208,0.10527400045325648
7.321512403971068561e+05,8.561707109400335466e+05,1.642737896494157030e+04,1.791648575321320269e+00,23.494296938538177,0.12602592304711058
7.321922663759528659e+05,8.561994376396838343e+05,1.647746243739565762e+04,7.380755736399589040e+00,23.756537486440898,0.13647569584745756
7.322332923547986429e+05,8.562281643393341219e+05,1.652754590984974857e+04,1.296611618483398765e+01,25.28427277387396,0.11901821231659854
7.322743183336445363e+05,8.562568910389844095e+05,1.657762938230383952e+04,1.631678262232809473e+01,28.942388657293723,0.14089667963562016
7.323153443124904297e+05,8.562856177386348136e+05,1.662771285475793047e+04,1.549652975012258338e+01,36.66739683587409,0.1795584488516036
7.323563702913362067e+05,8.563143444382852176e+05,1.667779632721202142e+04,8.657596491092993674e+00,45.60310715153276,0.20801974985755511
7.323973962701821001e+05,8.563430711379355052e+05,1.672787979966610874e+04,-1.756555265680882938e+00,53.643046087341006,0.2320075996479579
7.324384222490279935e+05,8.563717978375857929e+05,1.677796327212019969e+04,-1.245406840174289087e+01,58.97491547511987,0.2106245242491807
7.324794482278738869e+05,8.564005245372360805e+05,1.682804674457429064e+04,-1.999592286044546086e+01,61.90731996514477,0.16897148787091062
7.325204742067196639e+05,8.564292512368863681e+05,1.687813021702838159e+04,-2.787427946925139821e+01,65.66481818963291,0.20376282683291838
7.325615001855655573e+05,8.564579779365366558e+05,1.692821368948247255e+04,-3.602089790618841647e+01,68.58568085278122,0.24556641588813166
7.326025261644114507e+05,8.564867046361869434e+05,1.697829716193655986e+04,-4.181337996213858332e+01,69.03680280093894,0.2507304650129508
7.326435521432572277e+05,8.565154313358372310e+05,1.702838063439065081e+04,-4.485258020206526908e+01,67.56665237634226,0.24963207290591088
7.326845781221031211e+05,8.565441580354875186e+05,1.707846410684474176e+04,-4.559111723685123252e+01,65.05879196615406,0.24671645146717755
7.327256041009490145e+05,8.565728847351378063e+05,1.712854757929883272e+04,-4.447160510423655921e+01,62.33605321472694,0.2360017867455084
7.327666300797947915e+05,8.566016114347880939e+05,1.717863105175292367e+04,-4.265228354598616534e+01,60.48062436065753,0.24893680947271474
7.328076560586408013e+05,8.566303381344384979e+05,1.722871452420701098e+04,-3.902065682285355308e+01,58.41963363394809,0.257084552451779
7.328486820374865783e+05,8.566590648340887856e+05,1.727879799666110193e+04,-3.294902908576919032e+01,55.097820313301106,0.24212336169931503
7.328897080163323553e+05,8.566877915337390732e+05,1.732888146911519289e+04,-2.512177777174804305e+01,50.67547489761825,0.21704763043170378
7.329307339951783651e+05,8.567165182333893608e+05,1.737896494156928384e+04,-1.685986575187364522e+01,45.67063807278271,0.18190229032993233
7.329717599740241421e+05,8.567452449330396485e+05,1.742904841402337479e+04,-9.443346088277897010e+00,40.972929426328065,0.15308227746957734
7.330127859528700355e+05,8.567739716326899361e+05,1.747913188647746574e+04,-3.001029057327382787e+00,37.27745665708137,0.12187046650057037
7.330538119317158125e+05,8.568026983323402237e+05,1.752921535893155306e+04,4.356282024933599395e+00,36.894995291154125,0.17999029980510506
7.330948379105617059e+05,8.568314250319905113e+05,1.757929883138564401e+04,1.312910400504908104e+01,36.581740053670345,0.17092358321783951
7.331358638894075993e+05,8.568601517316407990e+05,1.762938230383973496e+04,2.045688819739755004e+01,37.059255883202184,0.14168162118236113
7.331768898682533763e+05,8.568888784312910866e+05,1.767946577629382591e+04,2.710814511146532624e+01,41.097732185168155,0.15893781849374278
7.332179158470993862e+05,8.569176051309413742e+05,1.772954924874791686e+04,3.540769468582660551e+01,49.15433542699632,0.21103963362187053
7.332589418259451631e+05,8.569463318305917783e+05,1.777963272120200418e+04,3.945092826100133721e+01,58.4899696034863,0.2553736577465848
7.332999678047909401e+05,8.569750585302420659e+05,1.782971619365609149e+04,3.601021959170169850e+01,67.50978947430053,0.32688303590073226
7.333409937836369500e+05,8.570037852298923535e+05,1.787979966611018244e+04,2.727153673441900850e+01,73.46440831475063,0.3677401170641116
7.333820197624827269e+05,8.570325119295426412e+05,1.792988313856427339e+04,1.600508281502671437e+01,74.52054008247984,0.3552362577747694
7.334230457413286204e+05,8.570612386291929288e+05,1.797996661101836435e+04,4.271111089658380600e+00,70.08338690859799,0.2672555432913893
7.334640717201745138e+05,8.570899653288433328e+05,1.803005008347245166e+04,-4.946984505864032045e+00,63.37954804268659,0.16165096684117605
7.335050976990202907e+05,8.571186920284936205e+05,1.808013355592654261e+04,-1.133938911340334244e+01,59.45000140060035,0.16879253571072406
7.335461236778661842e+05,8.571474187281439081e+05,1.813021702838063356e+04,-2.012931846512879019e+01,57.78705647643306,0.19464954977584062
7.335871496567120776e+05,8.571761454277941957e+05,1.818030050083472452e+04,-2.920819776192817230e+01,55.45853386509633,0.18927689734816167
7.336281756355578545e+05,8.572048721274444833e+05,1.823038397328881547e+04,-3.569255725235552035e+01,52.433904914557424,0.1983139729254891
7.336692016144037480e+05,8.572335988270948874e+05,1.828046744574290278e+04,-3.862307202567754416e+01,48.25811556665139,0.19677122976513675
7.337102275932495249e+05,8.572623255267451750e+05,1.833055091819699373e+04,-3.760717527196204202e+01,43.546548194336275,0.18120409805022433
7.337512535720955348e+05,8.572910522263954626e+05,1.838063439065108469e+04,-3.399008872330409048e+01,38.72525540343724,0.16652113479791988
7.337922795509413118e+05,8.573197789260457503e+05,1.843071786310517564e+04,-2.914695730954185038e+01,34.26447278369367,0.12913213642381483
7.338333055297870887e+05,8.573485056256960379e+05,1.848080133555926659e+04,-2.537825543927078797e+01,31.23652605646889,0.1099361057385576
7.338743315086330986e+05,8.573772323253463255e+05,1.853088480801335390e+04,-2.242679919981179637e+01,28.759195663193893,0.1354221920772886
7.339153574874788756e+05,8.574059590249966132e+05,1.858096828046744486e+04,-1.767276927072944659e+01,25.31389946087592,0.1646244590867994
7.339563834663247690e+05,8.574346857246469008e+05,1.863105175292153581e+04,-1.016743796642718500e+01,22.148450076183313,0.17561374047014947
7.339974094451706624e+05,8.574634124242971884e+05,1.868113522537562676e+04,-1.293626569879985810e+00,22.798352604320023,0.20043939227990956
7.340384354240164394e+05,8.574921391239474760e+05,1.873121869782971771e+04,5.986168180910864223e+00,28.735933514570434,0.22543646922518804
7.340794614028623328e+05,8.575208658235977637e+05,1.878130217028380503e+04,9.308671527931183576e+00,39.21092948711018,0.28735197662005885
7.341204873817082262e+05,8.575495925232481677e+05,1.883138564273789598e+04,3.980762332502733258e+00,51.30941489400375,0.37698771005402465
7.341615133605541196e+05,8.575783192228984553e+05,1.888146911519198693e+04,-1.223253809956266736e+01,58.9178956575198,0.35455952481606123
7.342025393393998966e+05,8.576070459225487430e+05,1.893155258764607788e+04,-2.874445346960485281e+01,63.48989494512289,0.34250707541358455
7.342435653182457900e+05,8.576357726221990306e+05,1.898163606010016883e+04,-4.173032003417723956e+01,64.90479114010925,0.3243773229083082
7.342845912970916834e+05,8.576644993218493182e+05,1.903171953255425979e+04,-4.962845983479710554e+01,63.09357729430002,0.2682257455070454
7.343256172759374604e+05,8.576932260214996058e+05,1.908180300500834710e+04,-5.474312041197833167e+01,59.68214705427966,0.24393447194129925
7.343666432547834702e+05,8.577219527211498935e+05,1.913188647746243805e+04,-5.685003068106779978e+01,54.745666933434606,0.21328957670211252
7.344076692336292472e+05,8.577506794208001811e+05,1.918196994991652900e+04,-5.637628281281681097e+01,49.5133534819428,0.1882760685953699
7.344486952124750242e+05,8.577794061204504687e+05,1.923205342237061996e+04,-5.392816578464235278e+01,44.1436642421179,0.16066670409180894
7.344897211913209176e+05,8.578081328201007564e+05,1.928213689482471091e+04,-5.006990128297335474e+01,38.75041200904769,0.12513264974281013
7.345307471701668110e+05,8.578368595197510440e+05,1.933222036727879822e+04,-4.625684891863458148e+01,34.3645746908768,0.0950488852349779
7.345717731490125880e+05,8.578655862194015644e+05,1.938230383973288917e+04,-4.255666448313526473e+01,30.576300226950114,0.09034201863091705
7.346127991278584814e+05,8.578943129190518521e+05,1.943238731218698013e+04,-3.830641992930291195e+01,27.176301321336847,0.1191566518402984
7.346538251067043748e+05,8.579230396187021397e+05,1.948247078464107108e+04,-3.286484140176474256e+01,23.865063433519143,0.14268188615002553
7.346948510855502682e+05,8.579517663183524273e+05,1.953255425709516203e+04,-2.785351660166892529e+01,22.118578252051595,0.15641592586933317
7.347358770643960452e+05,8.579804930180027150e+05,1.958263772954924934e+04,-2.586357746934671198e+01,23.01894847122281,0.14644405490980106
7.347769030432419386e+05,8.580092197176530026e+05,1.963272120200334030e+04,-2.759708082453794020e+01,25.345778769650142,0.1158044701363045
7.348179290220878320e+05,8.580379464173032902e+05,1.968280467445743125e+04,-3.091546722779490963e+01,27.27679493206697,0.09287202133998651
7.348589550009336090e+05,8.580666731169535778e+05,1.973288814691151856e+04,-3.426039595700523677e+01,28.176955874909567,0.07629397455481803
7.348999809797796188e+05,8.580953998166038655e+05,1.978297161936560951e+04,-3.592408058413062122e+01,27.525767868138317,0.0727596990468971
7.349410069586253958e+05,8.581241265162541531e+05,1.983305509181969683e+04,-3.504705306960088507e+01,25.564994636986317,0.0669014139803021
7.349820329374711728e+05,8.581528532159044407e+05,1.988313856427378778e+04,-3.264707561847047401e+01,22.84888132201716,0.06879870431110517
7.350230589163171826e+05,8.581815799155548448e+05,1.993322203672787873e+04,-2.881702223286574238e+01,19.78451018999091,0.09787460698040931
7.350640848951629596e+05,8.582103066152051324e+05,1.998330550918196968e+04,-2.442083800366940949e+01,18.179046595131837,0.1346885288461151
7.351051108740088530e+05,8.582390333148554200e+05,2.003338898163606063e+04,-2.153832336713375994e+01,19.988265537646278,0.17885704976350997
7.351461368528547464e+05,8.582677600145057077e+05,2.008347245409014795e+04,-2.281387616236123250e+01,24.6787756577597,0.17900047550350484
7.351871628317005234e+05,8.582964867141559953e+05,2.013355592654423890e+04,-2.762678637748697597e+01,29.497298037084146,0.14195977220814104
7.352281888105464168e+05,8.583252134138062829e+05,2.018363939899832985e+04,-3.348642081335510312e+01,33.751925087981746,0.12842862953269762
7.352692147893921938e+05,8.583539401134565705e+05,2.023372287145242080e+04,-3.923988576564742914e+01,37.067594197651246,0.1220383797909736
7.353102407682382036e+05,8.583826668131068582e+05,2.028380634390651176e+04,-4.495635427263310646e+01,39.9585191982029,0.13536974423685486
7.353512667470839806e+05,8.584113935127571458e+05,2.033388981636059907e+04,-5.089724484937430304e+01,42.41718384363879,0.15145112704081862
7.353922927259297576e+05,8.584401202124074334e+05,2.038397328881469002e+04,-5.579214892869077858e+01,44.20070458426631,0.18326490774807125
7.354333187047757674e+05,8.584688469120577211e+05,2.043405676126878097e+04,-5.811209607600930127e+01,44.297559181090804,0.18752500004200584
7.354743446836215444e+05,8.584975736117081251e+05,2.048414023372287193e+04,-5.733575780273284295e+01,42.47824600167339,0.16103035839714044
7.355153706624673214e+05,8.585263003113584127e+05,2.053422370617696288e+04,-5.483296502493358560e+01,39.73166591792935,0.15744161107272048
7.355563966413133312e+05,8.585550270110087004e+05,2.058430717863105383e+04,-5.091387939605835555e+01,36.19904096690206,0.1384128039432546
7.355974226201591082e+05,8.585837537106589880e+05,2.063439065108514114e+04,-4.676034776068177479e+01,32.661397168630884,0.1522058089645029
7.356384485990050016e+05,8.586124804103092756e+05,2.068447412353923210e+04,-4.188793821101003800e+01,28.17344390160131,0.14459720243168506
7.356794745778508950e+05,8.586412071099596797e+05,2.073455759599332305e+04,-3.718248115016719879e+01,23.463911049447585,0.13120205067796256
7.357205005566966720e+05,8.586699338096099673e+05,2.078464106844741400e+04,-3.363200725147824244e+01,19.727316536459522,0.11427646759745365
7.357615265355425654e+05,8.586986605092602549e+05,2.083472454090150495e+04,-3.127709674140732332e+01,17.40474581953176,0.09004825849672188
7.358025525143884588e+05,8.587273872089105425e+05,2.088480801335559227e+04,-2.960502184583455332e+01,16.01063044085955,0.0689448072016556
7.358435784932343522e+05,8.587561139085608302e+05,2.093489148580968322e+04,-2.828831627873753618e+01,15.215807962510972,0.056774976018669
7.358846044720801292e+05,8.587848406082111178e+05,2.098497495826377417e+04,-2.734211290525936278e+01,14.875753655803685,0.04543554570069885
7.359256304509260226e+05,8.588135673078615218e+05,2.103505843071786512e+04,-2.677223503927474368e+01,14.860302044674391,0.03635494838347579
7.359666564297719160e+05,8.588422940075118095e+05,2.108514190317195607e+04,-2.624570416752361268e+01,14.738531211606663,0.031761355209885794
7.360076824086176930e+05,8.588710207071620971e+05,2.113522537562604339e+04,-2.568860325440474668e+01,14.474627644515776,0.03583937841178245
7.360487083874635864e+05,8.588997474068123847e+05,2.118530884808013434e+04,-2.539745431508001161e+01,14.451611430545563,0.03962368541362444
7.360897343663094798e+05,8.589284741064626724e+05,2.123539232053422529e+04,-2.566348884243086559e+01,14.978022854928442,0.03878680389727023
7.361307603451552568e+05,8.589572008061129600e+05,2.128547579298831624e+04,-2.635000951869453090e+01,15.931157318145175,0.03899056891164639
7.361717863240011502e+05,8.589859275057632476e+05,2.133555926544240720e+04,-2.712902307432699800e+01,16.94812634722597,0.04021345220055951
7.362128123028470436e+05,8.590146542054135352e+05,2.138564273789649451e+04,-2.829578010191633908e+01,18.281211914865263,0.041401842603817254
7.362538382816929370e+05,8.590433809050638229e+05,2.143572621035058546e+04,-2.993890258286546668e+01,19.987863884178704,0.04703264050113172
7.362948642605387140e+05,8.590721076047141105e+05,2.148580968280467641e+04,-3.182221531577561535e+01,21.771614823224418,0.06151714798394916
7.363358902393846074e+05,8.591008343043643981e+05,2.153589315525876737e+04,-3.326339128478605289e+01,22.766216594099934,0.06244401646140428
7.363769162182305008e+05,8.591295610040148022e+05,2.158597662771285468e+04,-3.383128104421190585e+01,22.845462165360992,0.04681039216457657
7.364179421970762778e+05,8.591582877036650898e+05,2.163606010016694199e+04,-3.429407622551602941e+01,22.917874925426293,0.040671513081610614
7.364589681759221712e+05,8.591870144033153774e+05,2.168614357262103294e+04,-3.464837199495511300e+01,23.09135531638659,0.041510762718499204
7.364999941547680646e+05,8.592157411029656650e+05,2.173622704507512390e+04,-3.443637157013161954e+01,22.923805373964647,0.03942983738262834
7.365410201336138416e+05,8.592444678026159527e+05,2.178631051752921485e+04,-3.387170782086095500e+01,22.415032115869344,0.027336309554488097
7.365820461124598514e+05,8.592731945022662403e+05,2.183639398998330580e+04,-3.364901354244293685e+01,22.008287352798643,0.02556226046412161
7.366230720913056284e+05,8.593019212019165279e+05,2.188647746243739675e+04,-3.388549159152988466e+01,21.797651367924463,0.032548775206545026
7.366640980701514054e+05,8.593306479015668156e+05,2.193656093489148407e+04,-3.418531124607699212e+01,21.467662319850415,0.0343742994215943
7.367051240489974152e+05,8.593593746012171032e+05,2.198664440734557502e+04,-3.412599597067491430e+01,20.557259587408463,0.029285321109290774
7.367461500278431922e+05,8.593881013008673908e+05,2.203672787979966597e+04,-3.384684314336366384e+01,19.204886041228413,0.024180165603656986
7.367871760066890856e+05,8.594168280005177949e+05,2.208681135225375692e+04,-3.338869342253085648e+01,17.58792430094789,0.016769165456109843
7.368282019855348626e+05,8.594455547001681989e+05,2.213689482470784787e+04,-3.299965331731626605e+01,16.16602869998484,0.014609922240090584
7.368692279643807560e+05,8.594742813998184865e+05,2.218697829716193519e+04,-3.253584801768018053e+01,15.039270929993243,0.0139402201549199
7.369102539432266494e+05,8.595030080994687742e+05,2.223706176961602614e+04,-3.204688780588443109e+01,14.262230803964627,0.011502592278222609
7.369512799220724264e+05,8.595317347991190618e+05,2.228714524207011709e+04,-3.175585223355049180e+01,14.119439425575017,0.005365869173258475
7.369923059009184362e+05,8.595604614987693494e+05,2.233722871452420804e+04,-3.162108575217697393e+01,14.277088212446778,0.006039022603134092
7.370333318797642132e+05,8.595891881984196370e+05,2.238731218697829900e+04,-3.162744910713803037e+01,14.575458766972455,0.010180017333490991
7.370743578586099902e+05,8.596179148980699247e+05,2.243739565943238631e+04,-3.195487361984591246e+01,15.12265983431454,0.010430226460096694
7.371153838374560000e+05,8.596466415977202123e+05,2.248747913188647726e+04,-3.246371734830718481e+01,15.695143253455123,0.01059597373615755
7.371564098163017770e+05,8.596753682973704999e+05,2.253756260434056821e+04,-3.291653435400287719e+01,16.088288041230474,0.007671858253909443
7.371974357951476704e+05,8.597040949970207876e+05,2.258764607679465917e+04,-3.314202391742110620e+01,16.353028597768258,0.004655847061850409
7.372384617739935638e+05,8.597328216966711916e+05,2.263772954924875012e+04,-3.328595365442939880e+01,16.585048912549027,0.00549956664380801
7.372794877528393408e+05,8.597615483963214792e+05,2.268781302170283743e+04,-3.346413188106326686e+01,16.793776913237277,0.008271893235563547
7.373205137316852342e+05,8.597902750959717669e+05,2.273789649415692838e+04,-3.382511513809116366e+01,17.140761640798253,0.012507271323172012
7.373615397105311276e+05,8.598190017956220545e+05,2.278797996661101934e+04,-3.452472903220555622e+01,17.783735665032577,0.025644091480567104
7.374025656893769046e+05,8.598477284952723421e+05,2.283806343906511029e+04,-3.604950895493577434e+01,19.0868338300095,0.040278799623861286
7.374435916682227980e+05,8.598764551949226297e+05,2.288814691151920124e+04,-3.859011587117500852e+01,20.989541618273037,0.06093477584718966
7.374846176470686914e+05,8.599051818945729174e+05,2.293823038397328855e+04,-4.155384187008068864e+01,23.090291254412058,0.077309178021891
7.375256436259145848e+05,8.599339085942232050e+05,2.298831385642737951e+04,-4.354808264731808976e+01,24.452613394643127,0.07068003084827237
7.375666696047603618e+05,8.599626352938734926e+05,2.303839732888147046e+04,-4.483508594659559066e+01,25.633481210141554,0.07127298257552678
7.376076955836061388e+05,8.599913619935237803e+05,2.308848080133556141e+04,-4.629190617752119863e+01,27.245830051043395,0.09046159083989848
7.376487215624521486e+05,8.600200886931740679e+05,2.313856427378965236e+04,-4.768920657739433011e+01,28.949803110526513,0.11778529289955887
7.376897475412979256e+05,8.600488153928244719e+05,2.318864774624373968e+04,-4.801069234609516201e+01,29.923713731311274,0.14755514113761356
7.377307735201438190e+05,8.600775420924747596e+05,2.323873121869783063e+04,-4.566066481122998511e+01,29.039832435626415,0.15036569501423777
7.377717994989897124e+05,8.601062687921250472e+05,2.328881469115192158e+04,-4.077022364946338229e+01,26.232938771097377,0.13597656285752627
7.378128254778354894e+05,8.601349954917753348e+05,2.333889816360601253e+04,-3.524977764250601098e+01,22.555151174822488,0.13905111634755518
7.378538514566813828e+05,8.601637221914256224e+05,2.338898163606010348e+04,-3.068573166511642469e+01,18.584096459041653,0.12010730870049342
7.378948774355272762e+05,8.601924488910760265e+05,2.343906510851419080e+04,-2.854777652697946166e+01,15.575908022915643,0.09157177285543043
7.379359034143731697e+05,8.602211755907263141e+05,2.348914858096827811e+04,-2.735589978750225981e+01,13.698712078364741,0.0874330785393438
7.379769293932189466e+05,8.602499022903766017e+05,2.353923205342236906e+04,-2.715224358819953920e+01,13.131800091339413,0.07979328048199502
7.380179553720648400e+05,8.602786289900268894e+05,2.358931552587646001e+04,-2.755606571199945876e+01,13.575421801250624,0.07991468771738967
7.380589813509107335e+05,8.603073556896771770e+05,2.363939899833055097e+04,-2.851996927892320954e+01,15.063828815217239,0.09529100724551529
7.381000073297565104e+05,8.603360823893274646e+05,2.368948247078464192e+04,-3.109932622309451844e+01,17.93255922294869,0.10747382218335991
7.381410333086024038e+05,8.603648090889778687e+05,2.373956594323872923e+04,-3.546049401518430244e+01,21.304838788074353,0.10918442530493878
7.381820592874482973e+05,8.603935357886281563e+05,2.378964941569282018e+04,-4.035548086239089827e+01,24.44500374787953,0.09477340152804725
7.382230852662940742e+05,8.604222624882784439e+05,2.383973288814691114e+04,-4.428819530761995082e+01,26.643923027589413,0.07440535095281853
7.382641112451400841e+05,8.604509891879287316e+05,2.388981636060100209e+04,-4.712452092697334649e+01,28.218193490906867,0.07673253277321439
7.383051372239858611e+05,8.604797158875790192e+05,2.393989983305509304e+04,-4.939681148489501794e+01,29.612489367814156,0.08216732471838951
7.383461632028316380e+05,8.605084425872293068e+05,2.398998330550918035e+04,-5.084028982179159328e+01,30.862259600233124,0.09980837746675082
7.383871891816775315e+05,8.605371692868795944e+05,2.404006677796327131e+04,-5.025823158924428213e+01,31.02159655981527,0.11486074253969
7.384282151605234249e+05,8.605658959865298821e+05,2.409015025041736226e+04,-4.709254337915732691e+01,29.49894801651618,0.11596910229759293
7.384692411393693183e+05,8.605946226861801697e+05,2.414023372287145321e+04,-4.204487925785924318e+01,26.327174013335757,0.11174766797790586
7.385102671182150953e+05,8.606233493858304573e+05,2.419031719532554416e+04,-3.661260325047604169e+01,22.232051216856934,0.13833574471829133
7.385512930970609887e+05,8.606520760854807450e+05,2.424040066777963148e+04,-3.271283689865410338e+01,18.068635448218004,0.14801187535518828
7.385923190759068821e+05,8.606808027851311490e+05,2.429048414023372243e+04,-3.253316823235375210e+01,16.605752057045343,0.10598431740167376
7.386333450547526591e+05,8.607095294847814366e+05,2.434056761268781338e+04,-3.379854210184629437e+01,17.363532154405192,0.07306980880099513
7.386743710335986689e+05,8.607382561844317243e+05,2.439065108514190433e+04,-3.495366074962936409e+01,18.775709323767796,0.06666357498181617
7.387153970124444459e+05,8.607669828840820119e+05,2.444073455759599528e+04,-3.609497632343822460e+01,20.480536242713608,0.062155805584485586
7.387564229912902229e+05,8.607957095837322995e+05,2.449081803005008260e+04,-3.697477608022618512e+01,22.302162435624172,0.052115152744000436
7.387974489701362327e+05,8.608244362833825871e+05,2.454090150250417355e+04,-3.754457098352133926e+01,23.68396453409952,0.04094082604788775
7.388384749489820097e+05,8.608531629830328748e+05,2.459098497495826450e+04,-3.762969012090734822e+01,24.580889722199817,0.040158392031263195
7.388795009278279031e+05,8.608818896826831624e+05,2.464106844741235545e+04,-3.739334753351386098e+01,24.918596672169475,0.03769536430993273
7.389205269066737965e+05,8.609106163823334500e+05,2.469115191986644641e+04,-3.755440664889336944e+01,25.59412617987329,0.033102193273947006
7.389615528855195735e+05,8.609393430819837376e+05,2.474123539232053372e+04,-3.855112731893962774e+01,27.60817885028777,0.03126405693903763
7.390025788643654669e+05,8.609680697816341417e+05,2.479131886477462467e+04,-3.952416391375665938e+01,29.867367966953825,0.03276571091599328
7.390436048432113603e+05,8.609967964812845457e+05,2.484140233722871562e+04,-4.023714719596287637e+01,32.14322964139085,0.029284345035286895
7.390846308220571373e+05,8.610255231809348334e+05,2.489148580968280658e+04,-4.069287629008100282e+01,33.97295699380158,0.03132311452211978
7.391256568009030307e+05,8.610542498805851210e+05,2.494156928213689753e+04,-4.090184112497588131e+01,35.25215445602984,0.04014080886743937
7.391666827797488077e+05,8.610829765802354086e+05,2.499165275459098848e+04,-4.059484671832686331e+01,35.96544676634893,0.04249839486690142
7.392077087585948175e+05,8.611117032798856962e+05,2.504173622704507579e+04,-3.950826063968490587e+01,35.56742858346612,0.03496504101818198
7.392487347374405945e+05,8.611404299795359839e+05,2.509181969949916675e+04,-3.812099526620819034e+01,34.58867079719494,0.028537905567260113
7.392897607162863715e+05,8.611691566791862715e+05,2.514190317195325770e+04,-3.735681142804002519e+01,33.53281054411925,0.015332228303216823
7.393307866951323813e+05,8.611978833788365591e+05,2.519198664440734865e+04,-3.656304994899329586e+01,33.26720754169444,0.024970831243473948
7.393718126739781583e+05,8.612266100784868468e+05,2.524207011686143960e+04,-3.456028572487136330e+01,32.52006692105728,0.05823926479871105
7.394128386528240517e+05,8.612553367781371344e+05,2.529215358931552692e+04,-3.196466688651627308e+01,30.721921039582043,0.07418459076589941
7.394538646316699451e+05,8.612840634777874220e+05,2.534223706176961423e+04,-3.028815073089328536e+01,29.235521719907602,0.06728372646739088
7.394948906105157221e+05,8.613127901774378261e+05,2.539232053422370518e+04,-2.937001648167582246e+01,28.427452405045944,0.04922525588128168
7.395359165893616155e+05,8.613415168770881137e+05,2.544240400667779613e+04,-2.856754699111583662e+01,27.801485912698134,0.03002396265011074
7.395769425682075089e+05,8.613702435767384013e+05,2.549248747913188708e+04,-2.797977503171793856e+01,27.235496080122758,0.015502377011460717
7.396179685470534023e+05,8.613989702763886889e+05,2.554257095158597440e+04,-2.725908774558155656e+01,26.58787151039064,0.021087463168941417
7.396589945258991793e+05,8.614276969760389766e+05,2.559265442404006535e+04,-2.655259233092225202e+01,25.525042704510135,0.02227547574903458
7.397000205047450727e+05,8.614564236756892642e+05,2.564273789649415630e+04,-2.629864150035118087e+01,23.939264439808827,0.03004897544102801
7.397410464835909661e+05,8.614851503753395518e+05,2.569282136894824725e+04,-2.655512325762374104e+01,22.340466719670133,0.028559190679760735
7.397820724624367431e+05,8.615138770749898395e+05,2.574290484140233821e+04,-2.683307201877600079e+01,21.37142479854522,0.03525878952495193
7.398230984412826365e+05,8.615426037746401271e+05,2.579298831385642552e+04,-2.634148326178219790e+01,20.86429652178574,0.03551711932137585
7.398641244201285299e+05,8.615713304742904147e+05,2.584307178631051647e+04,-2.526956097821510383e+01,20.429645928050093,0.023266516157647462
7.399051503989743069e+05,8.616000571739407023e+05,2.589315525876460742e+04,-2.407731393195296477e+01,20.406375430338993,0.04346355086385896
7.399461763778202003e+05,8.616287838735911064e+05,2.594323873121869838e+04,-2.310829950833066704e+01,19.95129596730158,0.05428897927307523
7.399872023566660937e+05,8.616575105732413940e+05,2.599332220367278933e+04,-2.315534038631583869e+01,19.942278580391925,0.0344500786035689
7.400282283355118707e+05,8.616862372728916816e+05,2.604340567612687664e+04,-2.374689627433014749e+01,20.54891718068102,0.02049175239956479
7.400692543143577641e+05,8.617149639725419693e+05,2.609348914858096759e+04,-2.418707536819191617e+01,21.27609150543592,0.027798833268626144
7.401102802932036575e+05,8.617436906721922569e+05,2.614357262103505855e+04,-2.429951706041553905e+01,22.47671587351859,0.04227612089267781
7.401513062720495509e+05,8.617724173718426609e+05,2.619365609348914950e+04,-2.372613839388574064e+01,22.93280919786649,0.03182021528340273
7.401923322508953279e+05,8.618011440714929486e+05,2.624373956594324045e+04,-2.264517129876229262e+01,23.519915146994595,0.06423290404276467
7.402333582297412213e+05,8.618298707711432362e+05,2.629382303839732776e+04,-2.184829761838261319e+01,22.38995601892658,0.0612690027500905
7.402743842085871147e+05,8.618585974707935238e+05,2.634390651085141872e+04,-2.228606350877891629e+01,20.999925880026804,0.0717255785120763
7.403154101874328917e+05,8.618873241704438115e+05,2.639398998330550967e+04,-2.268845010285683017e+01,20.866071541307537,0.08216907593553752
7.403564361662789015e+05,8.619160508700940991e+05,2.644407345575960062e+04,-2.175769071531144050e+01,20.39209820637766,0.040881218719730404
7.403974621451246785e+05,8.619447775697445031e+05,2.649415692821369157e+04,-2.067022278019323522e+01,20.09430152005881,0.048968076263654375
7.404384881239704555e+05,8.619735042693947908e+05,2.654424040066778252e+04,-1.979775897896832504e+01,19.80661367085476,0.02773422840728735
7.404795141028164653e+05,8.620022309690450784e+05,2.659432387312186984e+04,-1.909321370826706854e+01,20.40860760508096,0.029455515184612972
7.405205400816622423e+05,8.620309576686953660e+05,2.664440734557596079e+04,-1.821560394250043657e+01,21.371320953392253,0.04956382215896205
7.405615660605081357e+05,8.620596843683456536e+05,2.669449081803005174e+04,-1.728341962208392957e+01,21.761771974457613,0.03598208731853951
7.406025920393540291e+05,8.620884110679959413e+05,2.674457429048414269e+04,-1.665787520043415526e+01,22.14243234434116,0.058987355505743695
7.406436180181998061e+05,8.621171377676462289e+05,2.679465776293823365e+04,-1.663324929355755089e+01,21.265081349324102,0.06250091405125816
7.406846439970456995e+05,8.621458644672965165e+05,2.684474123539232096e+04,-1.786998443473464704e+01,19.822248144671274,0.061836782882992256
7.407256699758914765e+05,8.621745911669468042e+05,2.689482470784641191e+04,-2.022785158029359209e+01,18.431447361382656,0.06342202329440784
7.407666959547374863e+05,8.622033178665970918e+05,2.694490818030050286e+04,-2.274322638386325224e+01,17.65160001219201,0.0565714132435376
7.408077219335832633e+05,8.622320445662473794e+05,2.699499165275459382e+04,-2.469712943041115238e+01,17.875505693336432,0.03161719819137732
7.408487479124290403e+05,8.622607712658977835e+05,2.704507512520868477e+04,-2.624387855562001803e+01,17.400407048468704,0.056357018760694114
7.408897738912750501e+05,8.622894979655480711e+05,2.709515859766277208e+04,-2.762185273288462994e+01,17.918482812080935,0.04646157760746503
7.409307998701208271e+05,8.623182246651983587e+05,2.714524207011686303e+04,-2.861253864742609920e+01,18.71671393534507,0.049415582681705324
7.409718258489666041e+05,8.623469513648486463e+05,2.719532554257095035e+04,-2.880688895295819663e+01,20.07565379079895,0.06325890084472868
7.410128518278126139e+05,8.623756780644989340e+05,2.724540901502504130e+04,-2.802759936549123410e+01,21.697928260600122,0.054965812818274416
7.410538778066583909e+05,8.624044047641492216e+05,2.729549248747913225e+04,-2.656348470033709930e+01,22.20017217277056,0.038533377168655736
7.410949037855042843e+05,8.624331314637995092e+05,2.734557595993321956e+04,-2.463702687845983164e+01,22.562102004011557,0.06520831617131538
7.411359297643501777e+05,8.624618581634497968e+05,2.739565943238731052e+04,-2.285895752386337421e+01,21.304080603512332,0.03401851089151688
7.411769557431959547e+05,8.624905848631000845e+05,2.744574290484140147e+04,-2.178841082791318229e+01,20.007514236479594,0.025655177527427103
7.412179817220418481e+05,8.625193115627504885e+05,2.749582637729549242e+04,-2.142107853152993968e+01,18.80006896076755,0.04399687590080545
7.412590077008877415e+05,8.625480382624007761e+05,2.754590984974958337e+04,-2.170297655719338437e+01,17.59276641980081,0.03144840499945408
7.413000336797336349e+05,8.625767649620511802e+05,2.759599332220367069e+04,-2.230017079653078582e+01,17.64217299217804,0.03105264761756036
7.413410596585794119e+05,8.626054916617014678e+05,2.764607679465776164e+04,-2.292782988749287298e+01,17.473187746292275,0.033528456153099864
7.413820856374251889e+05,8.626342183613517554e+05,2.769616026711185259e+04,-2.380103972298560322e+01,17.598646565597384,0.021743252656217245
7.414231116162711987e+05,8.626629450610020431e+05,2.774624373956594354e+04,-2.495489615201726963e+01,17.973029491973133,0.03680082866117059
7.414641375951169757e+05,8.626916717606523307e+05,2.779632721202003449e+04,-2.597780447539891213e+01,18.859318346508417,0.0466057593437208
7.415051635739628691e+05,8.627203984603026183e+05,2.784641068447412181e+04,-2.649585314562684957e+01,20.34762638286553,0.03617090340145941
7.415461895528087625e+05,8.627491251599529060e+05,2.789649415692821276e+04,-2.612203660718537535e+01,21.0987309805922,0.022482849538426098
7.415872155316545395e+05,8.627778518596031936e+05,2.794657762938230371e+04,-2.513370188658887372e+01,21.481683510173937,0.03632537649740085
7.416282415105004329e+05,8.628065785592534812e+05,2.799666110183639466e+04,-2.456976964888830750e+01,21.121165338716818,0.04007738790394118
7.416692674893463263e+05,8.628353052589037688e+05,2.804674457429048562e+04,-2.520597350591732067e+01,20.63824682583955,0.03623070628326378
7.417102934681922197e+05,8.628640319585540565e+05,2.809682804674457657e+04,-2.702188686114157790e+01,21.66876085745136,0.04506996379211556
7.417513194470379967e+05,8.628927586582044605e+05,2.814691151919866388e+04,-2.978996346365718040e+01,23.700452847576095,0.09057221200714638
7.417923454258838901e+05,8.629214853578547481e+05,2.819699499165275483e+04,-3.329093769353669074e+01,27.4637170692734,0.08588641475894655
7.418333714047297835e+05,8.629502120575050358e+05,2.824707846410684579e+04,-3.710162260193496309e+01,32.42974659586088,0.12714802319994997
7.418743973835755605e+05,8.629789387571553234e+05,2.829716193656093674e+04,-3.952612065631911520e+01,38.28602869901978,0.1549769478374177
7.419154233624214539e+05,8.630076654568056110e+05,2.834724540901502769e+04,-3.992211669423211617e+01,44.379532029724565,0.15647439590629833
7.419564493412673473e+05,8.630363921564558987e+05,2.839732888146911500e+04,-3.744868512944864847e+01,50.235211401634956,0.17443470792920737
7.419974753201131243e+05,8.630651188561061863e+05,2.844741235392320596e+04,-3.024956358336150331e+01,55.021406204521675,0.20232953995600128
7.420385012989591341e+05,8.630938455557564739e+05,2.849749582637729691e+04,-2.253359976926480002e+01,56.961113807466596,0.15864791869135433
7.420795272778049111e+05,8.631225722554067615e+05,2.854757929883138786e+04,-1.469079198022251731e+01,59.21493538913328,0.18682060173197257
7.421205532566506881e+05,8.631512989550570492e+05,2.859766277128547881e+04,-5.806057027689038641e+00,59.978336710421104,0.22245626822023698
7.421615792354966979e+05,8.631800256547074532e+05,2.864774624373956613e+04,3.016568419508051324e+00,57.83061374613543,0.2198157714474424
7.422026052143424749e+05,8.632087523543577408e+05,2.869782971619365708e+04,8.861324817500078055e+00,53.99881521555471,0.2626755198101594
7.422436311931883683e+05,8.632374790540080285e+05,2.874791318864774803e+04,9.485454720104145920e+00,47.15630882157797,0.260345804170101
7.422846571720341453e+05,8.632662057536583161e+05,2.879799666110183898e+04,5.878537837213190009e+00,40.73352578921086,0.1720588577670088
7.423256831508800387e+05,8.632949324533086037e+05,2.884808013355592993e+04,-1.215987094285899406e-01,35.78298518666794,0.1545671524982637
7.423667091297259321e+05,8.633236591529590078e+05,2.889816360601001725e+04,-5.719235311786276199e+00,35.14643941554212,0.12774506025756144
7.424077351085717091e+05,8.633523858526092954e+05,2.894824707846410820e+04,-8.712889156019658188e+00,38.59990620488647,0.06144210989775869
7.424487610874177190e+05,8.633811125522595830e+05,2.899833055091819915e+04,-9.734044212256671713e+00,42.323536014944466,0.05596316563139685
7.424897870662634959e+05,8.634098392519098707e+05,2.904841402337228647e+04,-8.477264418129502488e+00,48.20020141759032,0.12997419902054813
7.425308130451092729e+05,8.634385659515601583e+05,2.909849749582637742e+04,-4.755902418150538047e+00,51.68917905035503,0.07897736938720502
7.425718390239552828e+05,8.634672926512104459e+05,2.914858096828046473e+04,-1.366397158427751446e+00,53.55383907969827,0.05497465467509146
7.426128650028010597e+05,8.634960193508608500e+05,2.919866444073455568e+04,1.298839034138123738e+00,55.706020415432974,0.11973376079235376
7.426538909816469532e+05,8.635247460505111376e+05,2.924874791318864663e+04,4.065811135374858054e+00,56.23282831078787,0.04894102083800593
7.426949169604928466e+05,8.635534727501614252e+05,2.929883138564273759e+04,6.833819348250983694e+00,57.92492823775534,0.12625596960589267
7.427359429393386235e+05,8.635821994498117128e+05,2.934891485809682854e+04,9.006058061755785715e+00,56.62496808006281,0.10225948583130713
7.427769689181845170e+05,8.636109261494620005e+05,2.939899833055091585e+04,1.013907591244484863e+01,55.91217131460842,0.09577871549534067
7.428179948970304104e+05,8.636396528491122881e+05,2.944908180300500680e+04,1.034925915653290218e+01,54.72390274495679,0.11679449773350002
7.428590208758761873e+05,8.636683795487625757e+05,2.949916527545909776e+04,9.887888266437389717e+00,52.58887715409045,0.10089375580591312
7.429000468547220808e+05,8.636971062484128634e+05,2.954924874791318871e+04,9.229413341454042907e+00,53.24430042524459,0.10951306382345685
7.429410728335678577e+05,8.637258329480631510e+05,2.959933222036727966e+04,8.008512053734975211e+00,50.93704199211009,0.12901753843759634
7.429820988124138676e+05,8.637545596477134386e+05,2.964941569282137061e+04,6.226141577806346028e+00,51.95481528004449,0.10971578672712194
7.430231247912596446e+05,8.637832863473637262e+05,2.969949916527545793e+04,4.247448491449395291e+00,52.550288441846206,0.11833968089696072
7.430641507701054215e+05,8.638120130470141303e+05,2.974958263772954888e+04,2.498883074899594714e+00,53.907811361475055,0.14663762321962967
7.431051767489514314e+05,8.638407397466644179e+05,2.979966611018363983e+04,1.575431839416768787e+00,58.89391832485067,0.15499224182559554
7.431462027277972084e+05,8.638694664463147055e+05,2.984974958263773078e+04,2.048539635114840607e+00,59.53345304730981,0.1168059531529361
7.431872287066431018e+05,8.638981931459649932e+05,2.989983305509182173e+04,3.030658792775860366e+00,65.22126752799782,0.18931804084271525
7.432282546854889952e+05,8.639269198456152808e+05,2.994991652754590905e+04,4.215978099447705851e+00,66.10901459157898,0.16916427519470015
7.432692806643347722e+05,8.639556465452655684e+05,3.000000000000000000e+04,5.497056069588048821e+00,68.4757406420291,0.1746760533120719
