# TFA (nT) IAVF (nT) INC (degree)
-7.677248319990267689e+00 9.486796482731004687e+01 1.707151079298043612e+02
-1.217560542000500057e+01 9.420807037522739336e+01 1.736143577829970468e+02
-1.671098138936515198e+01 9.309194177807758308e+01 1.766522155805103580e+02
-2.114570262681208135e+01 9.145812827281137913e+01 1.798087263344482380e+02
-2.531407914239985146e+01 8.925352546157236588e+01 -1.769461933287746547e+02
-2.903146416232370086e+01 8.643988771824474782e+01 -1.736544398679835979e+02
-3.210918410916924870e+01 8.300043636887947684e+01 -1.703712036700297290e+02
-3.437393355840862341e+01 7.894540824842708560e+01 -1.671662755736305144e+02
-3.568838591957462825e+01 7.431534686149774416e+01 -1.641254592802759191e+02
-3.596856646846473637e+01 6.918133705210387063e+01 -1.613527490200366401e+02
-3.519374767005731997e+01 6.364222483387023743e+01 -1.589744259130858666e+02
-3.340644805706919129e+01 5.781995516387651435e+01 -1.571468129599012968e+02
-3.070288431399079343e+01 5.185522056106510291e+01 -1.560700487168862480e+02
-2.721675058463382868e+01 4.590646883577181825e+01 -1.560105458073033446e+02
-2.310047280677301273e+01 4.015599917679622877e+01 -1.573330894256234274e+02
-1.850783702774715778e+01 3.482720429487579139e+01 -1.605332106148300682e+02
-1.358058358220121953e+01 3.021460620204620895e+01 -1.662217952619616881e+02
-8.439964540835827478e+00 2.671314186577482630e+01 -1.749166952495838814e+02
-3.182999503535627994e+00 2.478793050154423483e+01 1.735642620776822298e+02
2.117497869011554457e+00 2.479554364951696499e+01 1.607832030152764844e+02
7.410136230487564646e+00 2.674589308616364391e+01 1.491214808237375280e+02
1.266006684214752909e+01 3.032043850852134526e+01 1.401218584943312919e+02
1.784196556607540529e+01 3.513355396628710281e+01 1.339718298297637489e+02
2.292969406927585396e+01 4.091767335580989595e+01 1.301995330796787869e+02
2.787948644822983013e+01 4.755603124991552022e+01 1.282773335850976366e+02
3.259977989809490850e+01 5.505544302876980822e+01 1.278332526300403487e+02
3.689354556231569404e+01 6.351255682957238946e+01 1.286796891902192215e+02
4.034579920092868122e+01 7.307259958341178674e+01 1.308032336834281182e+02
4.211225396891096295e+01 8.384163762198613767e+01 1.343608933115513082e+02
4.058358225031151534e+01 9.565867031255739050e+01 1.396765615517015249e+02
3.314645217558965840e+01 1.075663423449708205e+02 1.471745627062881567e+02
1.718676590355684652e+01 1.169853773541184694e+02 1.570866786133908874e+02
-5.826416957030904342e+00 1.197501453911581279e+02 1.687860130027809191e+02
-2.707870196792110207e+01 1.132699768906855553e+02 -1.797079876995874486e+02
-3.801371021911247539e+01 1.001349401285538221e+02 -1.708414828327060206e+02
-3.883426379415594454e+01 8.568397490192475630e+01 -1.659680500805116594e+02
-3.436427637897793375e+01 7.360121773353422725e+01 -1.650392478301661754e+02
-2.841028705911956109e+01 6.518959593212854031e+01 -1.671397663314859869e+02
-2.286603373443104559e+01 6.041245496088657774e+01 -1.709145770578318206e+02
-1.852109624479928840e+01 5.865824556583572758e+01 -1.749294643107706122e+02
-1.571126379189348121e+01 5.910539280380159255e+01 -1.780541901334720478e+02
-1.461649583152940934e+01 6.089780071059334432e+01 -1.796492704904289326e+02
-1.532574069960902285e+01 6.319020043045333068e+01 -1.794942066634051798e+02
-1.773075010317962352e+01 6.510573637568920446e+01 -1.776491293391423767e+02
-2.128444539259538715e+01 6.571000767871618109e+01 -1.744127968798488268e+02
-2.478903487615340495e+01 6.414824917268641968e+01 -1.703987007398561104e+02
-2.660434104405472056e+01 6.002470856070958405e+01 -1.666425737802250922e+02
-2.547692173915588398e+01 5.382729307405606534e+01 -1.646008627180652297e+02
-2.132778736227301408e+01 4.699230959866904556e+01 -1.659254092257231434e+02
-1.513409914723815319e+01 4.151404132535876101e+01 -1.718164232747159303e+02
-8.186714923188569415e+00 3.930379505659541195e+01 1.784049454462893891e+02
-1.596597023562074114e+00 4.133695929068174024e+01 1.681871607238335571e+02
3.659315196671078851e+00 4.723065175906661750e+01 1.612573004483504917e+02
6.341650747158869450e+00 5.583279405794968397e+01 1.590931437696316095e+02
4.595275988658837463e+00 6.548214155943348658e+01 1.616940514493889793e+02
-3.052501282245621894e+00 7.322492489427895634e+01 1.683699769564650808e+02
-1.386347377429453331e+01 7.521993940968737036e+01 1.769434751697869501e+02
-2.088337419373296910e+01 7.094389353325827585e+01 -1.762742593620884861e+02
-2.166015723654875558e+01 6.457749655022807644e+01 -1.736826922736104279e+02
-1.911031399324408042e+01 5.993899601282818423e+01 -1.747346295487278098e+02
-1.606167982920246118e+01 5.811845435329198750e+01 -1.773987534126464993e+02
-1.383032703326217572e+01 5.865815466739056916e+01 -1.799101711592278718e+02
-1.289231168087645152e+01 6.074187139043628036e+01 1.786466362803535901e+02
-1.341231699772315444e+01 6.364212292510948998e+01 1.785548286865051182e+02
-1.543320370297506905e+01 6.676167943131227389e+01 1.798064047886524008e+02
-1.887504938082558326e+01 6.955323363909330681e+01 -1.777089579892442828e+02
-2.342811190465960181e+01 7.144555511233519951e+01 -1.741591512284504972e+02
-2.840950900470868845e+01 7.184018757570690639e+01 -1.698097359252292904e+02
-3.272558331009227572e+01 7.022960935825165052e+01 -1.651018970365094560e+02
-3.513713747285163436e+01 6.643927836641329066e+01 -1.607161459847712308e+02
-3.483334628091571972e+01 6.086906678569722828e+01 -1.575562715567456564e+02
-3.190234853547317329e+01 5.452365859311584018e+01 -1.565966489620936670e+02
-2.724476937472458360e+01 4.874961069396664470e+01 -1.585445947903484978e+02
-2.204824271110609146e+01 4.479700477749023690e+01 -1.632989681176921692e+02
-1.731584564695232586e+01 4.335952832127035350e+01 -1.695542100612687477e+02
-1.369318083265082642e+01 4.431888619237167148e+01 -1.753568249082985631e+02
-1.150158029705463925e+01 4.694408137295669547e+01 -1.793417610516331706e+02
-1.081584864859798678e+01 5.033959029410928565e+01 1.788063002761336975e+02
-1.150424280814185174e+01 5.372558733699867872e+01 1.787617571772455278e+02
-1.322779534096071075e+01 5.650331512865860617e+01 1.799869963516202063e+02
-1.544555500094352318e+01 5.826446411224688404e+01 -1.780991091446925623e+02
-1.749121045907452654e+01 5.883402368141484118e+01 -1.760904100661590235e+02
-1.875103667027653032e+01 5.833496701279798202e+01 -1.745696651955341849e+02
-1.887993500340244069e+01 5.720855822456726258e+01 -1.740256075825489006e+02
-1.792488449182240018e+01 5.612898225060325785e+01 -1.747016065459962419e+02
-1.628043345415126453e+01 5.580881218981159009e+01 -1.764400042356374172e+02
-1.452923792950489101e+01 5.676651964330141453e+01 -1.786658452613037866e+02
-1.327805518503414639e+01 5.917326547460068298e+01 1.793904393965230213e+02
-1.305199953027880255e+01 6.285636336167367944e+01 1.783655302999320043e+02
-1.424039038982727945e+01 6.741728910870841673e+01 1.785842737427705060e+02
-1.705870943773055970e+01 7.235763132066908554e+01 -1.799115813151682062e+02
-2.150297823678936737e+01 7.715797900908009410e+01 -1.772538184179576035e+02
-2.730426079457665267e+01 8.132466837283976702e+01 -1.736616563873877510e+02
-3.392222509348524540e+01 8.443667994046806768e+01 -1.693972293206074937e+02
-4.062306136442893489e+01 8.620310713079135212e+01 -1.647419710672133704e+02
-4.664724927369273644e+01 8.651286945804008610e+01 -1.599747630528055709e+02
-5.140458552573583972e+01 8.544724439418862971e+01 -1.553465602081584223e+02
-5.460121777177860736e+01 8.324212086892183038e+01 -1.510571193140665400e+02
-5.624649220067676936e+01 8.021599960038147969e+01 -1.472416073604726705e+02
-5.656469845154154541e+01 7.669538073657302846e+01 -1.439699872974223069e+02
-5.587740732284779455e+01 7.296179415162313830e+01 -1.412562850761515278e+02
-5.450868505411151688e+01 6.922699951521400408e+01 -1.390725073540520782e+02
-5.273115400357598759e+01 6.563007772218549007e+01 -1.373630334930731465e+02
-5.074667473146239161e+01 6.224662028925411761e+01 -1.360574808579195292e+02
-4.868791889946002271e+01 5.910237888296430242e+01 -1.350816468528435621e+02
-4.662930518003007307e+01 5.618716654852904213e+01 -1.343667727449011977e+02
-4.460045017446314830e+01 5.346735479379067613e+01 -1.338573969545263367e+02
-4.259904493427129779e+01 5.089665981321753208e+01 -1.335179209432071730e+02
-4.060223780283915573e+01 4.842543903458118137e+01 -1.333379617341552716e+02
-3.857655668824188666e+01 4.600885734227663448e+01 -1.333366387504872250e+02
-3.648665086580315631e+01 4.361430414162727942e+01 -1.335659930666393223e+02
-3.430305606081255121e+01 4.122846136809064177e+01 -1.341135047322840137e+02
-3.200902278804800005e+01 3.886442688252984823e+01 -1.351027682286805316e+02
-2.960632390022791682e+01 3.656913699337671630e+01 -1.366892058869248388e+02
-2.711991656679521512e+01 3.443062338197935901e+01 -1.390435666286183505e+02
-2.460134538463407594e+01 3.258267534726626025e+01 -1.423104703501482788e+02
-2.213073758168746963e+01 3.120062870484030171e+01 -1.465287536054293298e+02
-1.981700638906370671e+01 3.047786802653586591e+01 -1.515224905069819954e+02
-1.779527806647103461e+01 3.057570406905612970e+01 -1.568296176807701272e+02
-1.621950077393825396e+01 3.155854559913285584e+01 -1.617749923903878653e+02
-1.524687499164807392e+01 3.334927438540316302e+01 -1.656997984847744192e+02
-1.501005133177897477e+01 3.573135642982424542e+01 -1.681875847659969168e+02
-1.557499865024109020e+01 3.838747048597905831e+01 -1.691353930462338724e+02
-1.688984216126729265e+01 4.094875206714878857e+01 -1.686916822708183759e+02
-1.874337969208408339e+01 4.304494579338517468e+01 -1.671647072750693610e+02
-2.076397159761518907e+01 4.435962090766961552e+01 -1.649583850623662897e+02
-2.248333934916882981e+01 4.468902705288500243e+01 -1.625372167808766335e+02
-2.345531307170579538e+01 4.399007674063744844e+01 -1.604059329808302721e+02
-2.337750123991413886e+01 4.240101579826460210e+01 -1.590947298348738173e+02
-2.215641094902177599e+01 4.023315325160952938e+01 -1.591415157430648719e+02
-1.989576882391978785e+01 3.794857451390796399e+01 -1.610426161599003763e+02
-1.683560573857671727e+01 3.613411823110774890e+01 -1.651059840759706105e+02
-1.328634755747986773e+01 3.544802575124350597e+01 -1.711535788436048620e+02
-9.588036266315349110e+00 3.649040334999452995e+01 -1.782441818302186505e+02
-6.103946811999813704e+00 3.962381181837869093e+01 1.751101510331883730e+02
-3.246112484520044639e+00 4.490135028559921437e+01 1.701986968932084778e+02
-1.527552027299607929e+00 5.217263304428862369e+01 1.676294710895887476e+02
-1.633412196042430153e+00 6.121940844062839915e+01 1.674744910426313425e+02
-4.485734847285000271e+00 7.177620691640427708e+01 1.696128935045452124e+02
-1.121836629301157728e+01 8.340803141800884646e+01 1.739309500828724708e+02
-2.285668003334320630e+01 9.526859482677484436e+01 -1.796553373892095067e+02
-3.941340392808080395e+01 1.058458320137229691e+02 -1.713119140650342729e+02
-5.856720762276307113e+01 1.130317196510431046e+02 -1.614781066871059068e+02
-7.549166068397292406e+01 1.149502748439037987e+02 -1.509917325051933119e+02
-8.552065674943895601e+01 1.112074091597087033e+02 -1.409415470607104055e+02
-8.741240121517800787e+01 1.032096972674914213e+02 -1.322831926274516547e+02
-8.328282588518325724e+01 9.313944261450598106e+01 -1.255653167114176512e+02
-7.616831090225420553e+01 8.283242155203781465e+01 -1.209487639394935456e+02
-6.835439182293046656e+01 7.340794562042506755e+01 -1.183637486558004355e+02
-6.110023298664992808e+01 6.540904816795575982e+01 -1.176259659880712007e+02
-5.494045073893302344e+01 5.903064690939363146e+01 -1.184717490932569746e+02
-5.000778199397947077e+01 5.427137960696418162e+01 -1.205545493189973740e+02
-4.624089234441262874e+01 5.101123026890202539e+01 -1.234583236064915610e+02
-4.349921666873105863e+01 4.905815067389173834e+01 -1.267550404771714483e+02
-4.162599905744824014e+01 4.819363318526433915e+01 -1.300831537980390067e+02
-4.048644009587235360e+01 4.822066834309705996e+01 -1.331960453599115795e+02
-3.999375591831398680e+01 4.900134431127116130e+01 -1.359530717854684667e+02
-4.012736620367584806e+01 5.047248030212557524e+01 -1.382687247555424221e+02
-4.094285264846071470e+01 5.263634550751769581e+01 -1.400542809454778990e+02
-4.257021685895576013e+01 5.552943766582158247e+01 -1.411792115583153020e+02
-4.519303832863664638e+01 5.917412829296861787e+01 -1.414647129639300829e+02
-4.899559706954528338e+01 6.351870635848541724e+01 -1.407083164395773736e+02
-5.406148565536067707e+01 6.837373202418183382e+01 -1.387290130932198906e+02
-6.021847244614553318e+01 7.335990419847853161e+01 -1.354191511742381806e+02
-6.687157187848630713e+01 7.789711199996915525e+01 -1.307911851422233553e+02
-7.294942148146625982e+01 8.127582619329582769e+01 -1.250070790007574146e+02
-7.712315952044775713e+01 8.282873666050899431e+01 -1.183739172648343185e+02
-7.829677395352373992e+01 8.214292249698652881e+01 -1.112940279149776330e+02
-7.607196255663788520e+01 7.918355758050158499e+01 -1.041833987355768869e+02
-7.083903590113227722e+01 7.424614622923836293e+01 -9.740008253611166822e+01
-6.348352411564001585e+01 6.778976729700674753e+01 -9.122200868379667327e+01
-5.499920292187409387e+01 6.027447378296182734e+01 -8.588579238337761979e+01
-4.624783328616235423e+01 5.208067503646727658e+01 -8.168381589111163521e+01
-3.790082490569913887e+01 4.352023186792474974e+01 -7.914296828480500778e+01
-3.048720185274383354e+01 3.493811561048209313e+01 -7.938811521799539150e+01
-2.447172652860295017e+01 2.697487490325392656e+01 -8.490566485821547360e+01
-2.031831657812771041e+01 2.120133095630006181e+01 -1.001054841390920984e+02
-1.851276073480038775e+01 2.054229805334020398e+01 -1.243881107153783603e+02
-1.952188234671004352e+01 2.602788684725913271e+01 -1.427908218652889616e+02
-2.366916633029592987e+01 3.510808475476168411e+01 -1.495489364820815297e+02
-3.093331134297544338e+01 4.549780303697551176e+01 -1.490692905867407774e+02
-4.074252339104021559e+01 5.587199684191319449e+01 -1.447374562877707262e+02
-5.191186186986529094e+01 6.531910538565217905e+01 -1.382997514275328683e+02
-6.285312788776344917e+01 7.317519805892712270e+01 -1.307273324888664092e+02
-7.201224838068644374e+01 7.904489743445435579e+01 -1.226224690147076473e+02
-7.829163410416158797e+01 8.281544217299428112e+01 -1.143661865406969724e+02
-8.122233426000056511e+01 8.459912371997749858e+01 -1.061752772271778440e+02
-8.085772829872476564e+01 8.462557533742436533e+01 -9.813664349958939681e+01
-7.753321223829301800e+01 8.313166719468765109e+01 -9.023776405051579275e+01
-7.164598266269244675e+01 8.027722705221145816e+01 -8.239440135420451838e+01
-6.353232174212337213e+01 7.608731496532304561e+01 -7.447647801927355715e+01
-5.346831207844670786e+01 7.041057843352172085e+01 -6.634357382261362091e+01
-4.183238242946967489e+01 6.289703929767570401e+01 -5.792918525456321532e+01
-2.951056208877804110e+01 5.305536274188896328e+01 -4.949530657434797121e+01
-1.852108131748953923e+01 4.059259522740376269e+01 -4.247176061458373653e+01
-1.216393680085264073e+01 2.654514486100695692e+01 -4.260524050177715338e+01
-1.315990614830526084e+01 1.681457853503094668e+01 -6.867081912214693773e+01
-2.053945734109575127e+01 2.138016017136578739e+01 -1.036929655782793560e+02
-3.008356853333399528e+01 3.146303840303733779e+01 -1.096947703088357997e+02
-3.817569631120002782e+01 3.975612585748218208e+01 -1.058858048020561000e+02
-4.355381971451725320e+01 4.544689150063198468e+01 -1.001007243148485628e+02
-4.645020288034648104e+01 4.907006416199734389e+01 -9.429030818272163117e+01
-4.752280035638462863e+01 5.125743852497309661e+01 -8.892691791772799093e+01
-4.737719036096069658e+01 5.249448273316298952e+01 -8.407349387158259901e+01
-4.645748114193159495e+01 5.311592150912139232e+01 -7.968020549991513235e+01
-4.506330929871960933e+01 5.334594202760998627e+01 -7.567371829387448656e+01
-4.338998088162369982e+01 5.333499094794058948e+01 -7.198363537990560701e+01
-4.156256180672657763e+01 5.318567945525391849e+01 -6.854892586068855564e+01
-3.965973078522468853e+01 5.296966936144438165e+01 -6.531807708352744157e+01
-3.772939375136181184e+01 5.273845542055805424e+01 -6.224753218419278511e+01
-3.579866618529234046e+01 5.253027714340966980e+01 -5.929990793431226592e+01
-3.388020758202294758e+01 5.237463100485097556e+01 -5.644243354829367121e+01
-3.197621864005143522e+01 5.229530672751445053e+01 -5.364568862689174011e+01
-3.008091543886135355e+01 5.231252204975155706e+01 -5.088259898226901612e+01
-2.818196470715007251e+01 5.244451664631939281e+01 -4.812761442115813537e+01
-2.626114853745177413e+01 5.270883743428280610e+01 -4.535598547179542805e+01
-2.429438025597331574e+01 5.312347162104826026e+01 -4.254305528582020912e+01
-2.225108220419843263e+01 5.370794055589743721e+01 -3.966347982814830431e+01
-2.009283564434929659e+01 5.448444447573083238e+01 -3.669027900293934863e+01
-1.777110080715897666e+01 5.547913707532224947e+01 -3.359359860146428645e+01
-1.522365821928923957e+01 5.672360094374054995e+01 -3.033902091716944227e+01
-1.236921434524450092e+01 5.825657621501024153e+01 -2.688518965829945273e+01
-9.099318442835318876e+00 6.012593423521066427e+01 -2.318039532066524444e+01
-5.266350491535195744e+00 6.239071039682859521e+01 -1.915757508466547065e+01
-6.659806650675044182e-01 6.512252845533933510e+01 -1.472688496048844797e+01
4.987248612736079778e+00 6.840449505001329555e+01 -9.764586582551039839e+00
1.208953095364835661e+01 7.232246170958808307e+01 -4.096565216496692585e+00
2.116782605299502862e+01 7.693571850904255882e+01 2.525005717424928076e+00
3.283074774198281887e+01 8.219623780661338230e+01 1.044999175043388107e+01
4.746386146352803337e+01 8.775252433882170067e+01 2.014701852684832772e+01
6.424653699923095473e+01 9.255698438172180431e+01 3.214606655535192203e+01
7.922646571799471360e+01 9.440408031726846616e+01 4.675730032412599968e+01
8.477681820666265367e+01 9.036165863678654375e+01 6.345555535189136975e+01
7.593040580027961539e+01 7.928787228046101632e+01 8.044974372709269517e+01
5.772959721092819763e+01 6.377336714802397921e+01 9.544895669618914269e+01
3.931554977516283600e+01 4.773157078782796248e+01 1.068603791760570090e+02
2.546400004098877190e+01 3.347734965426869280e+01 1.135340923026349316e+02
1.677584672438517899e+01 2.180376063251724617e+01 1.126695742490577032e+02
1.257323638025058088e+01 1.384708019104200538e+01 9.494846602805813518e+01
1.250910339569987606e+01 1.368291425029951824e+01 5.798540001123152621e+01
1.732779669372802189e+01 2.177070759792265164e+01 4.182572420789689716e+01
2.904957955965146610e+01 3.414226333573999028e+01 4.821352099129212831e+01
4.401345507267083690e+01 4.595769443243303698e+01 7.134660227550018874e+01
3.666298094251221329e+01 4.342135306555336882e+01 1.043742807496398513e+02
1.613701329336444346e+01 2.862736633827788069e+01 1.299564354016657717e+02
5.371403654447840736e+00 1.518060089306372973e+01 1.442718441753333991e+02
1.623411926631612268e+00 5.093964139427507476e+00 1.465093033106133475e+02
1.142807458977588064e+00 3.320196091494125756e+00 6.877476516852633281e+00
2.385374695366906828e+00 1.018356382315796793e+01 -4.937024505186757804e-03
4.803860960130309721e+00 1.667433356703594072e+01 3.333616855526645217e+00
8.275514751329902552e+00 2.312193644417006055e+01 7.755807778287956644e+00
1.290811214000003559e+01 2.985983690165535265e+01 1.262491407372567664e+01
1.898979966278797349e+01 3.720909203779218188e+01 1.797153349845746462e+01
2.699176125182269814e+01 4.550455474736971695e+01 2.401160214726612807e+01
3.755759641669364157e+01 5.508414793098113194e+01 3.109440140938630037e+01
5.132740317945727782e+01 6.617762138126138893e+01 3.971839710505061305e+01
6.817940801336014545e+01 7.853970349655564576e+01 5.051781453961594792e+01
8.522465585281148037e+01 9.063322113060625895e+01 6.406037043518688279e+01
9.470094049805317127e+01 9.885760615625157754e+01 8.022058403920112823e+01
8.865906731767520910e+01 9.921521604025599572e+01 9.742416081104188663e+01
7.003774658683283860e+01 9.164873201264526870e+01 1.131847480784576021e+02
4.948718064334377686e+01 8.013597222592332514e+01 1.258821690630956454e+02
3.338081777896202595e+01 6.837016635583626112e+01 1.353385766162394646e+02
2.248917955062388785e+01 5.799494856028928069e+01 1.420771404168332595e+02
1.557889729558112712e+01 4.934375511013897153e+01 1.466970495976016480e+02
1.132387933400181979e+01 4.226154438587683160e+01 1.496880297721404247e+02
8.731256623988841170e+00 3.646828039951027733e+01 1.514520567520357588e+02
7.114015619301471638e+00 3.165036187651539379e+01 1.523525599087506635e+02
6.033062137902930999e+00 2.745952829586973465e+01 1.526628369347371859e+02
5.305092534361691037e+00 2.354978208798520711e+01 1.523217305194018820e+02
4.997985390548119078e+00 1.971896555834965881e+01 1.505857064432406105e+02
5.291158519141475836e+00 1.606111383011719340e+01 1.458285226419293394e+02
6.286546057299442936e+00 1.300326824887073585e+01 1.356688643885522083e+02
7.962860063969903202e+00 1.126276873755288754e+01 1.184975318782605029e+02
1.025125761976968519e+01 1.152108613343429688e+01 9.803657691106688787e+01
1.310438263178487794e+01 1.371562863646425967e+01 8.188730376496414465e+01
1.651838388419585968e+01 1.722709704708712053e+01 7.233239772537034185e+01
2.052615827812353544e+01 2.158781064971490338e+01 6.765757614977955825e+01
2.517661015551697545e+01 2.658858184465876917e+01 6.615674536225736801e+01
3.049848566488935830e+01 3.214400841481864290e+01 6.685676116802387980e+01
3.643648195990419936e+01 3.818023731017999722e+01 6.927808936323758360e+01
4.274677347071000355e+01 4.454418486966269342e+01 7.319652297715951761e+01
4.886584109705592027e+01 5.091675620867253826e+01 7.847705845346669662e+01
5.384783136475265763e+01 5.675765178867257532e+01 8.493786476514348749e+01
5.656696805710355136e+01 6.136400639456118000e+01 9.223880715630212990e+01
5.628322830391049081e+01 6.411017306049488695e+01 9.984388743256754140e+01
5.320368248399271494e+01 6.476381746374288184e+01 1.071117169517599876e+02
4.842088260786294285e+01 6.360796473063925305e+01 1.134749250896295365e+02
4.325230695801539582e+01 6.125697326398613285e+01 1.185791770823796583e+02
3.865327131308666253e+01 5.836405487018572558e+01 1.223029596097655087e+02
3.507557475407605807e+01 5.544126040753014451e+01 1.246944547508030183e+02
3.261125374530361398e+01 5.282496124135483484e+01 1.258973196944837269e+02
3.117476431537664894e+01 5.071427234388612959e+01 1.261018589257474929e+02
3.062253966809963757e+01 4.922081474848840799e+01 1.255226232765758567e+02
3.080933844502012420e+01 4.840539962029876619e+01 1.243907249675401943e+02
3.160558738626643560e+01 4.829853246944269785e+01 1.229497946311041972e+02
3.289451810283533462e+01 4.890809758764184778e+01 1.214489394082877141e+02
3.455909963914114513e+01 5.021768683539506384e+01 1.201303670284142981e+02
3.646403534953320502e+01 5.217792521622089907e+01 1.192121062766446471e+02
3.843833554819585885e+01 5.469345725456511786e+01 1.188672071144605837e+02
4.026837480343990450e+01 5.761147310148406575e+01 1.192013074014640068e+02
4.171570920940646232e+01 6.072293209809391357e+01 1.202329580346233655e+02
4.256814889635634103e+01 6.378909925570609118e+01 1.218859476900242953e+02
4.270831002961848810e+01 6.659460344957045663e+01 1.240048215296572920e+02
4.215616111573116598e+01 6.900517754978542939e+01 1.263961943307138824e+02
4.104892656033698017e+01 7.099575733612498141e+01 1.288813943230559573e+02
3.956977646299814211e+01 7.263288657663032666e+01 1.313365355089584909e+02
3.787409996867221196e+01 7.402806203525325657e+01 1.337054834552724856e+02
3.605034689590928565e+01 7.529167906470969740e+01 1.359892465425352839e+02
3.411742439838029384e+01 7.650497058583800936e+01 1.382251575974546540e+02
3.204143686397843283e+01 7.771013103663645438e+01 1.404671895038687808e+02
2.975639861026630228e+01 7.891091172797823106e+01 1.427721126799836497e+02
2.718254188722269760e+01 8.007656146426779742e+01 1.451911949570107083e+02
2.424249230233649754e+01 8.114551239926332471e+01 1.477651475738399824e+02
2.087817980363332993e+01 8.202843316269259333e+01 1.505199793137344670e+02
1.707089011251230914e+01 8.261245314232250792e+01 1.534622100824355186e+02
1.286402184607294785e+01 8.276953787749718572e+01 1.565729876538104293e+02
8.383312067135786805e+00 8.237189533254678508e+01 1.598018930493257983e+02
3.844199707506238184e+00 8.131525577800341864e+01 1.630624291344158223e+02
-4.652894782978762578e-01 7.954669248076211829e+01 1.662318810518954137e+02
-4.230545724481471481e+00 7.708892581691956991e+01 1.691577485300837509e+02
-7.174516509103760598e+00 7.405134557381897764e+01 1.716710703253241945e+02
-9.115907170658253733e+00 7.062216589138705558e+01 1.736046277150310857e+02
-9.998150921132417324e+00 6.704454927255066821e+01 1.748129747892660077e+02
-9.881882853769749175e+00 6.358622998077513699e+01 1.751924375378880256e+02
-8.912169656594389977e+00 6.051234474103318206e+01 1.747013995338718360e+02
-7.279715283022285988e+00 5.806576726658606447e+01 1.733814116969116412e+02
-5.191204405429270530e+00 5.645328574802383770e+01 1.713756208203461995e+02
-2.855128760821139977e+00 5.583381647168367579e+01 1.689342027946120481e+02
-4.825614808802427547e-01 5.630713761642016379e+01 1.663941584955720714e+02
1.700792785659304585e+00 5.790501433195237979e+01 1.641310266077407789e+02
3.436036057669763721e+00 6.058642115069052636e+01 1.624987417531021094e+02
4.412559385556697578e+00 6.423399159545473935e+01 1.617826050574476824e+02
4.261091547445136740e+00 6.864486194203453806e+01 1.621783740592924516e+02
2.578795510100896138e+00 7.351185587507882246e+01 1.637904203736158593e+02
-9.851608325496385987e-01 7.840257235435092298e+01 1.666324470612998425e+02
-6.566151506983755937e+00 8.276135000764487870e+01 1.706201153761028877e+02
-1.388271181244474306e+01 8.597038316482823461e+01 1.755596764935088459e+02
-2.213258229316618753e+01 8.748718876756866791e+01 -1.788493166524771425e+02
-3.014584699884396457e+01 8.701329616657589838e+01 -1.729785798533361003e+02
-3.678324873892577074e+01 8.459139990254628572e+01 -1.672050467470271542e+02
-4.132548276345278282e+01 8.055949930731615893e+01 -1.618433460518803884e+02
-4.360058848472058912e+01 7.539930063273804706e+01 -1.571097978070536954e+02
-4.384644475841699318e+01 6.958142394713050294e+01 -1.531274870659737246e+02
-4.248288128433264887e+01 6.347642448101813528e+01 -1.499585089494171086e+02
-3.993646273031983895e+01 5.733507345708825653e+01 -1.476451593618666038e+02
-3.655454532327551931e+01 5.130924779053866303e+01 -1.462511022046163589e+02
-3.258394305760563014e+01 4.548775608017350436e+01 -1.459043402616609058e+02
-2.818092894338400356e+01 3.993628266246330583e+01 -1.468511318149340354e+02
-2.343118471060198971e+01 3.474451545051120149e+01 -1.495317559889257950e+02
-1.837073828122307617e+01 3.009533629535368604e+01 -1.546683625384187053e+02
-1.300731797768995968e+01 2.637648795787685785e+01 -1.632323157635490247e+02
-7.347811409502600810e+00 2.430709771205989611e+01 -1.757769639523623368e+02
-1.444890934136240368e+00 2.484122091544890765e+01 1.693540801979231958e+02
4.513730323926586685e+00 2.857517576844391272e+01 1.564194427598332595e+02
1.004396367616765318e+01 3.530423182170940777e+01 1.486574755492213171e+02
1.414563067804775720e+01 4.426898083516773141e+01 1.464558764780005333e+02
1.524659799929016479e+01 5.427582393412651385e+01 1.488813676467514426e+02
1.188834946010267224e+01 6.355858239334585846e+01 1.546560562838813553e+02
4.298379015518843715e+00 7.017934088869114362e+01 1.622277347951470858e+02
-5.009974153728185442e+00 7.313875525814992784e+01 1.699717712012789548e+02
-1.314936571110120767e+01 7.292541590401791041e+01 1.767009088982494802e+02
-1.879711369419842981e+01 7.080169514454308910e+01 -1.780745561859093868e+02
-2.208565186421764537e+01 6.789455826602750221e+01 -1.743254417523882012e+02
-2.366711026254748163e+01 6.488087150183203278e+01 -1.718019710365235255e+02
-2.414969220454130650e+01 6.207059300229548171e+01 -1.702269632091860672e+02
-2.394823353004194999e+01 5.956350492111721451e+01 -1.693765660855071644e+02
-2.330358853465293834e+01 5.736289742959244364e+01 -1.691013627008796334e+02
-2.233480938906835789e+01 5.544168852866163633e+01 -1.693246744840003259e+02
-2.108241689219304504e+01 5.378015702106253570e+01 -1.700348616910950739e+02
-1.953724899045484520e+01 5.239233073135761032e+01 -1.712771868329684821e+02
-1.765931410936619272e+01 5.135462077278884863e+01 -1.731435239301532363e+02
-1.539500104435533068e+01 5.085054164114587394e+01 -1.757481086424376997e+02
-1.270980654054654124e+01 5.124780358983110062e+01 -1.791565910031603153e+02
-9.682360565846984457e+00 5.321683365923726683e+01 1.767998455508084135e+02
-6.787516026260707491e+00 5.783386158996397342e+01 1.728999699123380651e+02
-5.645050933457691045e+00 6.634426510981246849e+01 1.709642368078152685e+02
-1.011581348455769103e+01 7.863900666989280808e+01 1.735779128668416718e+02
-2.386227533791719324e+01 9.008181649301000959e+01 -1.781114150130976554e+02
-4.073615611770522804e+01 9.342768866157271646e+01 -1.671258538108088771e+02
-5.029297888749147205e+01 8.876405352453633668e+01 -1.579765048657190221e+02
-5.237619937711073703e+01 8.143586389158700456e+01 -1.520911217833446472e+02
-5.097929818474209185e+01 7.455177299684721959e+01 -1.487370152346117038e+02
-4.847877186946231376e+01 6.884719836357469092e+01 -1.469825364414962223e+02
-4.579303044871470973e+01 6.423948874588074887e+01 -1.462143912422060907e+02
-4.321472057070117501e+01 6.050067798581300593e+01 -1.460864587360362634e+02
-4.081346246591478177e+01 5.743442577910420255e+01 -1.464131837411100605e+02
-3.858816261932977199e+01 5.490412003644093630e+01 -1.470983148098649167e+02
-3.652245373158966402e+01 5.282743585101600559e+01 -1.480928547573003584e+02
-3.460629049485105213e+01 5.116705705346698352e+01 -1.493678871663067866e+02
-3.284653175173887973e+01 4.992264518821816921e+01 -1.508923411390048841e+02
-3.127393855266659273e+01 4.912175143854831560e+01 -1.526106331042860802e+02
-2.994688921542996241e+01 4.880449568636716862e+01 -1.544214622558955625e+02
-2.894715733022700377e+01 4.899732104805351440e+01 -1.561682809340823042e+02
-2.836066311332830736e+01 4.967853205604610167e+01 -1.576589001035827664e+02
-2.824186711302778718e+01 5.075325679187714911e+01 -1.587216383406767761e+02
-2.857803901336309593e+01 5.206413859013731127e+01 -1.592724008235920223e+02
-2.928415462508573341e+01 5.344457623872058605e+01 -1.593425414881563711e+02
-3.024284284033365111e+01 5.478214317946959966e+01 -1.590427423771171505e+02
-3.136366475183191227e+01 5.604765320541093843e+01 -1.584919514047535074e+02
-3.262079712097111894e+01 5.727710134688441457e+01 -1.577595102388359862e+02
-3.405256359880143435e+01 5.852723675283424853e+01 -1.568433285748149615e+02
-3.573169592346410184e+01 5.982865162610978160e+01 -1.556793428759011135e+02
-3.771786291416184866e+01 6.114749080067992537e+01 -1.541710439279366653e+02
-3.999853406522085919e+01 6.236195725565952586e+01 -1.522327242638696987e+02
-4.243253202926263867e+01 6.326682083922417377e+01 -1.498402219813611964e+02
-4.473484299283656185e+01 6.362331456246634787e+01 -1.470727556793377460e+02
-4.654761392867838765e+01 6.325089571008535216e+01 -1.441190307857698656e+02
-4.758472345933325443e+01 6.211327174346592983e+01 -1.412314686351598709e+02
-4.775213484814680953e+01 6.033559208642075333e+01 -1.386485071384597916e+02
-4.715433758195098335e+01 5.814191890159691667e+01 -1.365312592883815910e+02
-4.600536401761063132e+01 5.576630301997575145e+01 -1.349448754058587667e+02
-4.452933826946111395e+01 5.339308767489441720e+01 -1.338780181184627338e+02
-4.290433127313631445e+01 5.114009908872969135e+01 -1.332758130440243747e+02
-4.124960483973377734e+01 4.906869494683768096e+01 -1.330678590543305404e+02
-3.963521149838238955e+01 4.720196866416739567e+01 -1.331854383999256299e+02
-3.809713855730834098e+01 4.554097436336284233e+01 -1.335695011126500162e+02
-3.665039492900739759e+01 4.407610297484069406e+01 -1.341729029853205759e+02
-3.529824870383887259e+01 4.279409204370667652e+01 -1.349597432792832308e+02
-3.403813422282246393e+01 4.168200526864810485e+01 -1.359035278710525745e+02
-3.286525311536007621e+01 4.072937862448114998e+01 -1.369850143301954120e+02
-3.177476263061289785e+01 3.992936866252364325e+01 -1.381900657622841209e+02
-3.076319333139880641e+01 3.927942288256419801e+01 -1.395075514371240502e+02
-2.982953314377090592e+01 3.878177012962328973e+01 -1.409271791894815919e+02
-2.897628412648458607e+01 3.844387774591088203e+01 -1.424370588700178359e+02
-2.821072764265822741e+01 3.827890214978858552e+01 -1.440207466532344540e+02
-2.754659565996126958e+01 3.830602688487350349e+01 -1.456535103577715802e+02
-2.700629898493193792e+01 3.855038648210074115e+01 -1.472976300670718786e+02
-2.662372819332587781e+01 3.904195576657413369e+01 -1.488968054323871968e+02
-2.644725809223258040e+01 3.981228855703532332e+01 -1.503703486632464603e+02
-2.654165142901683083e+01 4.088734341279801754e+01 -1.516090116452060386e+02
-2.698566232641539742e+01 4.227415985757023975e+01 -1.524761317995588286e+02
-2.785923463793680099e+01 4.393990726069881703e+01 -1.528198518890816615e+02
-2.921223375967060321e+01 4.578603785782514279e+01 -1.525026751601300816e+02
-3.101236243672079951e+01 4.763014271764815533e+01 -1.514496835006327160e+02
-3.309271059891474920e+01 4.921989279830319219e+01 -1.497024090085509727e+02
-3.515100162297229502e+01 5.029925704260818975e+01 -1.474462907474160147e+02
-3.684317474468068099e+01 5.070789043453834211e+01 -1.449782575941234768e+02
-3.792859654183547491e+01 5.044733897874862549e+01 -1.426179229090795957e+02
-3.835429377854076449e+01 4.966249895173992712e+01 -1.406139723792125551e+02
-3.822479907511102937e+01 4.856169475577375039e+01 -1.390986934620849524e+02
-3.771261736809228182e+01 4.733977048862922032e+01 -1.380981033409324255e+02
-3.698424858299604523e+01 4.614050047083377848e+01 -1.375694845680127401e+02
-3.616752687805098532e+01 4.505356028831901227e+01 -1.374383276013864190e+02
-3.534867529088339211e+01 4.412722804936689869e+01 -1.376229454789786075e+02
-3.458153582739230103e+01 4.338330246774842180e+01 -1.380469405792939313e+02
-3.389852859431518795e+01 4.282882296771450825e+01 -1.386436185153932854e+02
-3.331950853619564157e+01 4.246382482785588053e+01 -1.393561193458913863e+02
-3.285798969683414583e+01 4.228598473576371930e+01 -1.401356651240340057e+02
-3.252530234758740590e+01 4.229320239505396017e+01 -1.409391740985994943e+02
-3.233339148511828398e+01 4.248490818567785254e+01 -1.417267824902997688e+02
-3.229681533628427559e+01 4.286258016956119121e+01 -1.424594375345491528e+02
-3.243430473047889251e+01 4.342969638985699277e+01 -1.430965457203174367e+02
-3.277004824422835583e+01 4.419113041170975720e+01 -1.435935894621893567e+02
-3.333463641202962435e+01 4.515177376583982749e+01 -1.438996254878125853e+02
-3.416523395001114949e+01 4.631387929173167350e+01 -1.439546570707222486e+02
-3.530388062219021350e+01 4.767220206673100336e+01 -1.436870941525323531e+02
-3.679158935023925636e+01 4.920544371819477902e+01 -1.430120309480993228e+02
-3.865387461325454410e+01 5.086194298740858954e+01 -1.418321568768954819e+02
-4.087090952252367515e+01 5.253778442757020173e+01 -1.400451467503644096e+02
-4.332575104176467562e+01 5.404881700266206224e+01 -1.375644104758478932e+02
-4.573654124480471239e+01 5.510892701814540828e+01 -1.343623494769994409e+02
-4.761797631135299014e+01 5.534775070491126314e+01 -1.305401358092824751e+02
-4.837120754263690969e+01 5.441479976937106500e+01 -1.264041587314940642e+02
-4.756661817237497303e+01 5.217146113071476776e+01 -1.224892207427432709e+02
-4.525758104246403946e+01 4.885012512818052244e+01 -1.194614258618036615e+02
-4.199698794828983495e+01 4.501358382640137989e+01 -1.179140851173136753e+02
-3.851330059565808028e+01 4.132494940602708766e+01 -1.181674642739027803e+02
-3.537845419585826789e+01 3.831955492853326461e+01 -1.201689338997255021e+02
-3.290211726204091036e+01 3.630799576941466711e+01 -1.235104315504484020e+02
-3.119607853401698350e+01 3.539036181966820749e+01 -1.275478831030216895e+02
-3.027461533878189215e+01 3.551741919163229966e+01 -1.315869400239641607e+02
-3.012537977733780181e+01 3.655776595509605187e+01 -1.350515872312949170e+02
-3.074297662302607392e+01 3.834835538831310942e+01 -1.375565674577134416e+02
-3.213260649902890265e+01 4.071544078294549251e+01 -1.388837597710746934e+02
-3.428537716343143416e+01 4.346338717004032048e+01 -1.389220194642824140e+02
-3.711774819656806557e+01 4.633728220984239243e+01 -1.376260206405704025e+02
-4.037032288175173989e+01 4.897544421476575849e+01 -1.350227427074046602e+02
-4.350276992115859542e+01 5.089211568833240307e+01 -1.312729309836589664e+02
-4.571683175986057535e+01 5.156293906652249603e+01 -1.267650983854892388e+02
-4.627286066624251504e+01 5.065833312464364724e+01 -1.221659345151077360e+02
-4.498846360832677505e+01 4.830588522439478538e+01 -1.183232835472806386e+02
-4.242027473535269877e+01 4.512352593761428921e+01 -1.160071162324271512e+02
-3.949470448204900919e+01 4.195203353907103150e+01 -1.156148646461848841e+02
-3.700927451501240029e+01 3.951490229446473279e+01 -1.169814761883449563e+02
-3.541228835581846113e+01 3.820909275142415140e+01 -1.193835195666212599e+02
-3.482250064367124054e+01 3.804630964385842873e+01 -1.218091488079619751e+02
-3.509956222175661367e+01 3.870831547588702648e+01 -1.234067494972011048e+02
-3.589475689356036270e+01 3.968691994367090814e+01 -1.238217633486975018e+02
-3.673953321175325470e+01 4.047706529735773984e+01 -1.232449914102618749e+02
-3.723824249683531917e+01 4.078249635641934390e+01 -1.222306214962640212e+02
-3.728462477360394445e+01 4.064307418767711511e+01 -1.213920654048606451e+02
-3.710341919335117922e+01 4.037924007612804900e+01 -1.210869167989136201e+02
-3.707119597850675063e+01 4.037772616363737654e+01 -1.212422556931699376e+02
-3.748905873309455927e+01 4.087300729617849981e+01 -1.214239709163037872e+02
-3.845061058058565351e+01 4.184685091581576444e+01 -1.210935442297772084e+02
-3.980882451565554447e+01 4.305401712577971551e+01 -1.198691972651247255e+02
-4.120936279743136055e+01 4.412041032654996542e+01 -1.176526710572536132e+02
-4.219305799592465434e+01 4.466732901843128900e+01 -1.146205302056333153e+02
-4.236616763065671876e+01 4.443268063484761399e+01 -1.111426502390149693e+02
-4.156885393622011549e+01 4.335263736315897631e+01 -1.076738189618882018e+02
-3.993184998928595775e+01 4.156693969278193634e+01 -1.046461407492977429e+02
-3.778623268431577742e+01 3.934974095452520260e+01 -1.023861604619662842e+02
-3.550710376633547583e+01 3.701180626930649709e+01 -1.010686716545789210e+02
-3.339372632733338975e+01 3.482143626245207457e+01 -1.007023589826845580e+02
-3.162327295511924419e+01 3.296122986240713004e+01 -1.011399630240240555e+02
-3.025797308232970906e+01 3.151482929664197741e+01 -1.021155004260539840e+02
-2.927398875636912123e+01 3.047438284539019548e+01 -1.033114611366978295e+02
-2.859287020543871449e+01 2.976286750982012208e+01 -1.044404294605580930e+02
-2.810899484278308336e+01 2.926506060786031682e+01 -1.053091079059374948e+02
-2.771207097934630070e+01 2.885864673280881121e+01 -1.058420716800501538e+02
-2.730476261909461755e+01 2.843809571825947557e+01 -1.060686601452832747e+02
-2.681508385465752298e+01 2.792849199490929379e+01 -1.060925967700042349e+02
-2.620324021236547196e+01 2.729074272072156759e+01 -1.060618756119473431e+02
-2.546332101343580234e+01 2.652147019453650501e+01 -1.061462636168458999e+02
-2.462108359506794031e+01 2.565072331674750927e+01 -1.065208634860528036e+02
-2.372935853678488982e+01 2.473929222129384087e+01 -1.073486164137393359e+02
-2.286207637259901659e+01 2.387526414937031305e+01 -1.087516688069295441e+02
-2.210674539639994407e+01 2.316666559998811081e+01 -1.107634057127280300e+02
-2.155390650127204566e+01 2.272470523446371260e+01 -1.132673665768788567e+02
-2.128151206342511870e+01 2.263381209305623543e+01 -1.159604505060359827e+02
-2.133357155800731064e+01 2.291442496863295375e+01 -1.183994228232209309e+02
-2.169680701600692885e+01 2.349782716232416035e+01 -1.201461173454900830e+02
-2.228530112498557614e+01 2.423279495159095376e+01 -1.209308599478184476e+02
-2.294590764740246058e+01 2.492459635767269077e+01 -1.207278118555312858e+02
-2.349000940368744494e+01 2.538648175918388716e+01 -1.197211364261821416e+02
-2.374149942234429744e+01 2.548072813895521804e+01 -1.182211795679490365e+02
-2.357977636403962762e+01 2.513786953212206754e+01 -1.165932604049840080e+02
-2.296156590096395789e+01 2.435724140262384196e+01 -1.152270847381485481e+02
-2.192130270418194726e+01 2.320122292606545855e+01 -1.145459258251884620e+02
-2.056139949961384517e+01 2.179692670391851195e+01 -1.150345752517139033e+02
-1.904321076262896284e+01 2.035297633585441091e+01 -1.172316404439376498e+02
-1.758038191393270111e+01 1.918171085887958682e+01 -1.215618264664402659e+02
-1.642582825149407100e+01 1.867917446338080367e+01 -1.278637324975391181e+02
-1.583915774132788989e+01 1.918836963145029273e+01 -1.348879104126088464e+02
-1.603056030696763656e+01 2.078797716166363685e+01 -1.407294434362403877e+02
-1.710013891863077262e+01 2.323811950118117764e+01 -1.441240746800449699e+02
-1.900823740834351483e+01 2.614922411801037683e+01 -1.449475043362028259e+02
-2.159564021623980068e+01 2.916183079631498032e+01 -1.436880416047862923e+02
-2.463100218629130467e+01 3.201024794982349420e+01 -1.408964500153618360e+02
-2.784124378564814251e+01 3.449938537073867906e+01 -1.369751958657685975e+02
-3.090266303430136219e+01 3.645284511957218143e+01 -1.321814787645208469e+02
-3.341702576771375277e+01 3.767581184393615956e+01 -1.267123173306453054e+02
-3.493641608323709846e+01 3.796462002925932921e+01 -1.208062520310648864e+02
-3.509292847939733662e+01 3.717495326185980531e+01 -1.148191580159092524e+02
-3.379250919253298235e+01 3.531566717731035965e+01 -1.092377990909178891e+02
-3.131197322999360821e+01 3.259399894422864463e+01 -1.046255972962927956e+02
-2.818529531482812800e+01 2.936771891417648206e+01 -1.015455331777127412e+02
-2.497420669984972008e+01 2.604725907350848502e+01 -1.005119321391039335e+02
-2.210473225944184250e+01 2.302530698531909081e+01 -1.019521280668975720e+02
-1.983344668985037984e+01 2.065658566569418042e+01 -1.060618297499165550e+02
-1.828876921801180799e+01 1.923991462230281613e+01 -1.124491711767276598e+02
-1.751929185100777531e+01 1.894318834589567402e+01 -1.198233868936787445e+02
-1.751735567546074890e+01 1.970662752231716652e+01 -1.264085531330400585e+02
-1.821699781758837133e+01 2.125243169978249469e+01 -1.309617692363445087e+02
-1.948298487987353766e+01 2.321205031374298855e+01 -1.332279028411115291e+02
-2.111555261798478611e+01 2.525071975201925767e+01 -1.336071688433332270e+02
-2.288818937066900006e+01 2.713320153265487988e+01 -1.327086418087371840e+02
-2.461028983009258653e+01 2.874634193381191238e+01 -1.311005573532266624e+02
-2.618187194572259457e+01 3.009255850397993726e+01 -1.292084523071602575e+02
-2.761089569750705763e+01 3.126075702176954607e+01 -1.272825752707527585e+02
-2.899149213872081887e+01 3.238589169948326685e+01 -1.253990925073984783e+02
-3.046251620157672590e+01 3.360978782969008449e+01 -1.234810134482220008e+02
-3.216379080563168458e+01 3.504949170360013255e+01 -1.213315953997240513e+02
-3.419262271216161508e+01 3.677194098442510040e+01 -1.186758307684555120e+02
-3.655116600815009775e+01 3.877016783301158398e+01 -1.152068084506781389e+02
-3.907473157277422615e+01 4.093760603709451829e+01 -1.106350315464150214e+02
-4.135083357217808242e+01 4.304474663027193060e+01 -1.047413691022133690e+02
-4.268813874196351321e+01 4.473818070702432692e+01 -9.743397036214123830e+01
-4.224927631375557269e+01 4.559756710055397377e+01 -8.879750457433520694e+01
-3.941082731504906178e+01 4.526955595285417644e+01 -7.910104535044899876e+01
-3.416682577275368260e+01 4.362431172453207040e+01 -6.872818960832370294e+01
-2.720219229002538341e+01 4.081693245161188344e+01 -5.804092882665886322e+01
-1.953339794183370159e+01 3.719968747113040308e+01 -4.724922679553398552e+01
-1.205671098492149440e+01 3.316741574495993206e+01 -3.635029298989551449e+01
-5.333763592175986723e+00 2.904972706772566227e+01 -2.513500919537822043e+01
3.778160275447781657e-01 2.508491039127462940e+01 -1.321867349120853596e+01
5.000949685836088676e+00 2.144648172113791063e+01 -6.980265138969216077e-02
8.531199421550553552e+00 1.828543975793256493e+01 1.493746910141685902e+01
1.097660351482958774e+01 1.576158138458533209e+01 3.234358832910419324e+01
1.234239350562542192e+01 1.403425830612978409e+01 5.214836314816627549e+01
1.265127767154605465e+01 1.318272487857820430e+01 7.324439757698095832e+01
1.198756555406307456e+01 1.309979690951301556e+01 9.360867438428392973e+01
1.054269850250254414e+01 1.349937364953492569e+01 1.115007362413433896e+02
8.626291359315944263e+00 1.406021969811314243e+01 1.261940836811153019e+02
6.613892047161028742e+00 1.456003476776561278e+01 1.376648942290372020e+02
4.844978613706480530e+00 1.492125278874650185e+01 1.461289116438902624e+02
3.529959656835229609e+00 1.519014384121891759e+01 1.518849149824752942e+02
2.719732349181303466e+00 1.548345823650072717e+01 1.553478786838930716e+02
2.339888773234346075e+00 1.592812215700399037e+01 1.570873307538629717e+02
2.252096371025375188e+00 1.661442556214110056e+01 1.577718165598072346e+02
2.306889469792610114e+00 1.757570133729046447e+01 1.580305449038779955e+02
2.374274810274803471e+00 1.879438699674377844e+01 1.583269772774059447e+02
2.355185104591756229e+00 2.022208708896885199e+01 1.589199532622528466e+02
2.181768821428147653e+00 2.179949093083344636e+01 1.599032720311673756e+02
1.812991984280428959e+00 2.346918546944112904e+01 1.612709222228949670e+02
1.229175942530805976e+00 2.518141790211471331e+01 1.629706152715606606e+02
4.269932801037006342e-01 2.689548579110567061e+01 1.649361545652143661e+02
-5.846741731501072792e-01 2.857913818648938076e+01 1.671032309150376989e+02
-1.788070518097037542e+00 3.020736287318786850e+01 1.694155129791530499e+02
