TFA AMA Th Tz
1.553081289693841072e+01 2.112084128521891202e+01 -7.453544266474700919e+00 1.976194865045220794e+01
1.575034189967995779e+01 2.140402767370599690e+01 -7.537880135455769626e+00 2.003279220978127739e+01
1.598219812971044185e+01 2.170030106479957155e+01 -7.623075052446266930e+00 2.031727818994741241e+01
1.622755065643395156e+01 2.201082367797601336e+01 -7.709088836284679225e+00 2.061665123867648219e+01
1.648771861475419342e+01 2.233691183398706670e+01 -7.795879280998724070e+00 2.093231703647272468e+01
1.676419546453368170e+01 2.268006280097684169e+01 -7.883403906699982144e+00 2.126586916869566579e+01
1.705867799324378353e+01 2.304198737910792261e+01 -7.971622667333149614e+00 2.161912149992753740e+01
1.737310115015220902e+01 2.342464967171182622e+01 -8.060502023078237599e+00 2.199414738921198875e+01
1.770968008582179465e+01 2.383031591201160992e+01 -8.150020958350438605e+00 2.239332746254389050e+01
1.807096113934499471e+01 2.426161477416919610e+01 -8.240179777506584813e+00 2.281940815806922984e+01
1.845988399360592425e+01 2.472161234680103803e+01 -8.331012877694941920e+00 2.327557392326097840e+01
1.887985784006557566e+01 2.521390595788917111e+01 -8.422607240322630417e+00 2.376553683232389957e+01
1.933485520339109343e+01 2.574274241368720340e+01 -8.515129190270942061e+00 2.429364859074169303e+01
1.982952812902347617e+01 2.631316809544133051e+01 -8.608863188172675152e+00 2.486504152070285656e+01
2.036935280246683178e+01 2.693122095399456484e+01 -8.704268273393571675e+00 2.548580734247337887e+01
2.096081042598845556e+01 2.760417805281391779e+01 -8.802060631417294445e+00 2.616322561559081450e+01
2.161161440087364838e+01 2.834087736779845557e+01 -8.903335221482794992e+00 2.690605790357432880e+01
2.233099658466571213e+01 2.915213968516519927e+01 -9.009746470915031225e+00 2.772492951755184976e+01
2.313006851342732517e+01 3.005132655373575545e+01 -9.123779416444040891e+00 2.863282865522258902e+01
2.402227655083242652e+01 3.105508464087744969e+01 -9.249161263186174153e+00 2.964576357558764030e+01
2.502397165474899410e+01 3.218434731585868036e+01 -9.391494230592671855e+00 3.078363279836485589e+01
2.615511155837510415e+01 3.346569320964527350e+01 -9.559242806773548651e+00 3.207138130737816795e+01
2.744009776080858032e+01 3.493320157524809844e+01 -9.765298448089090755e+00 3.354053545363676392e+01
2.890870323212719839e+01 3.663099730927256559e+01 -1.002950209637658752e+01 3.523122268060976126e+01
3.059692558520887573e+01 3.861674125431648008e+01 -1.038278420623193021e+01 3.719476437927318102e+01
3.254730208028055927e+01 4.096637295858351280e+01 -1.087408243862674517e+01 3.949681056110369326e+01
3.480750439510590866e+01 4.378037823882331736e+01 -1.158209178659256011e+01 4.222057162783776363e+01
3.742431753949462347e+01 4.719149975606388381e+01 -1.263545631348913112e+01 4.546848241338702223e+01
4.042606111913246281e+01 5.137245828557122707e+01 -1.424746505921503292e+01 4.935726096218471071e+01
4.377723114796071968e+01 5.653802809163456544e+01 -1.677402872946939283e+01 5.399241225092091412e+01
4.726968587244558506e+01 6.292389401192206577e+01 -2.080122615249173279e+01 5.938623938402309221e+01
5.028469300627603644e+01 7.069506125326756774e+01 -2.723614316066872476e+01 6.523790455965620083e+01
5.137156297022922757e+01 7.968208699776211290e+01 -3.723193173213478957e+01 7.044869230732807353e+01
4.791201505815030259e+01 8.883818626349038539e+01 -5.141524854371075293e+01 7.244788165139863167e+01
3.720796343813060503e+01 9.573405966864140737e+01 -6.784629805440927441e+01 6.754176501211124162e+01
2.022347833117879290e+01 9.748040953832233413e+01 -8.083997413401741028e+01 5.447319364394235208e+01
3.053348848314129782e+00 9.346862203987089401e+01 -8.547253977277431147e+01 3.782629047136070000e+01
-8.971724471957109870e+00 8.608018907216055027e+01 -8.273834954151821819e+01 2.375214655235313899e+01
-1.528817742682258540e+01 7.812153449715836473e+01 -7.675953714423953045e+01 1.452403558219328339e+01
-1.775677079332388786e+01 7.112046169539532059e+01 -7.050520706022815887e+01 9.334658491907818600e+00
-1.815993524662598091e+01 6.551556135940616343e+01 -6.516760454654773582e+01 6.743300223398351001e+00
-1.759991777146789005e+01 6.124885640262066033e+01 -6.098694259353053582e+01 5.658201456492756520e+00
-1.666119923369730316e+01 5.811576829736213057e+01 -5.786353307896667530e+01 5.408702655166981010e+00
-1.563453632951695305e+01 5.590441689114636858e+01 -5.562218007087549410e+01 5.610428869720397671e+00
-1.465987858689929979e+01 5.443732161552454585e+01 -5.410044430599508303e+01 6.046809949550237206e+00
-1.380294195253923917e+01 5.357731868325683422e+01 -5.316986158516002092e+01 6.595066057454356034e+00
-1.309413597577368193e+01 5.322271540661356681e+01 -5.273562563544444970e+01 7.184095217328001937e+00
-1.254822275292381306e+01 5.330050115731900462e+01 -5.273096799733784934e+01 7.770999786713160162e+00
-1.217445092106287774e+01 5.376032320860777958e+01 -5.311138924945637285e+01 8.327825855930356624e+00
-1.198206935720053146e+01 5.456981752959053722e+01 -5.385006640491797469e+01 8.833760999638343492e+00
-1.198368748101175463e+01 5.571122013471351408e+01 -5.493454241087410850e+01 9.270172544585228991e+00
-1.219776415682304815e+01 5.717901882776308042e+01 -5.636446836076349598e+01 9.617010996883379903e+00
-1.265094156392755842e+01 5.897839231238366153e+01 -5.815010262886259795e+01 9.849686492786627667e+00
-1.338067631352799403e+01 6.112419882174898333e+01 -6.031125493695704165e+01 9.935804422897763999e+00
-1.443849655496321915e+01 6.364027029967832760e+01 -6.287631007190221766e+01 9.831258086233273019e+00
-1.589413460822865964e+01 6.655871207095427167e+01 -6.588082174187800888e+01 9.475203383520938161e+00
-1.784066079108105640e+01 6.991877173455152672e+01 -6.936487263455420305e+01 8.783455200568619503e+00
-2.040044299425504803e+01 7.376458428023326519e+01 -7.336787393396626555e+01 7.639958667772385859e+00
-2.373104032754417148e+01 7.814067647703002706e+01 -7.791864554309015034e+01 5.886424807822862704e+00
-2.802859587270513941e+01 8.308350445601357137e+01 -8.301748707538614269e+01 3.311427544205152174e+00
-3.352333874996198659e+01 8.860662967384519106e+01 -8.860591059179012063e+01 -3.569738892954119613e-01
-4.045704832883385649e+01 9.467696179007693047e+01 -9.452021797305457085e+01 -5.445685276063793268e+00
-4.902703887653878922e+01 1.011812957211872686e+02 -1.004308109879563347e+02 -1.230068323792365348e+01
-5.928179170728219560e+01 1.078889192813845312e+02 -1.057861120393107370e+02 -2.119710837146194748e+01
-7.097501775842727056e+01 1.144298899346285765e+02 -1.098111589292851704e+02 -3.218243441783862124e+01
-8.344327631380977550e+01 1.203251444248945319e+02 -1.116370603249817606e+02 -4.489217240085523031e+01
-9.564192942128670438e+01 1.251022181411552765e+02 -1.105983691000525369e+02 -5.846850208655720849e+01
-1.064466517796755625e+02 1.284799818786484593e+02 -1.065827173068626337e+02 -7.174419917333557351e+01
-1.151178393445602808e+02 1.305260072318958464e+02 -1.001658440890320350e+02 -8.368896129020035346e+01
-1.216132061588289872e+02 1.316755563632956694e+02 -9.236548077485538499e+01 -9.384599141579397497e+01
-1.265326710862893407e+02 1.326023568513118107e+02 -8.417153035991536569e+01 -1.024623761162724662e+02
-1.308003780599786694e+02 1.340408022674633912e+02 -7.616054688130388683e+01 -1.103018937790549927e+02
-1.353278366192618023e+02 1.366571948170636972e+02 -6.832498642859189886e+01 -1.183506870482872984e+02
-1.407662585301908393e+02 1.409856766898723777e+02 -6.002210404056404514e+01 -1.275707962593513543e+02
-1.472611560567016795e+02 1.473709039235997693e+02 -4.989265398564803888e+01 -1.386683323672974382e+02
-1.539982069032812433e+02 1.558125340228550897e+02 -3.570650638174090830e+01 -1.516660514440659711e+02
-1.583283341192388036e+02 1.655703980569854536e+02 -1.440511811345895055e+01 -1.649425635937731727e+02
-1.547900242287305730e+02 1.744731265954483206e+02 1.665679673513745485e+01 -1.736762016699917694e+02
-1.363219581456170886e+02 1.785155586300695063e+02 5.579713352235906143e+01 -1.695714733193464383e+02
-1.010584460985048310e+02 1.735155168742498120e+02 9.292121061412200334e+01 -1.465376511827047636e+02
-5.859550681288411056e+01 1.589752104942458288e+02 1.150713375762626640e+02 -1.096891280852372006e+02
-2.228490164525013029e+01 1.390004484508658038e+02 1.188638102946591175e+02 -7.205913732329227628e+01
2.208201302965242974e+00 1.184340061944722748e+02 1.106182165235263284e+02 -4.231103870654258969e+01
1.642624144204102876e+01 9.997919645201935168e+01 9.759278557686461397e+01 -2.171377273850874801e+01
2.382853279977238969e+01 8.437204223822355686e+01 8.397006040659798032e+01 -8.226206097641034276e+00
2.718954045432843358e+01 7.141120221484341357e+01 7.140963240177148919e+01 4.734997498672102179e-01
2.824688467176295248e+01 6.061900499067792225e+01 6.031152886918979306e+01 6.097807107536384663e+00
2.798841980708576216e+01 5.151292143881045860e+01 5.058177802988772953e+01 9.750118281140236931e+00
2.694709595772450683e+01 4.368527742002457614e+01 4.197482286914801364e+01 1.210444994075145075e+01
2.539211549080712871e+01 3.681217776612722759e+01 3.422418938627859575e+01 1.355880867691137937e+01
2.343661286389258436e+01 3.064375146789828719e+01 2.708439880250301002e+01 1.433439379720299911e+01
2.109344266465527795e+01 2.499774039491812516e+01 2.033961954945137762e+01 1.453227103502053019e+01
1.830024552134044669e+01 1.977467682874282673e+01 1.380239817947967751e+01 1.416091975036630402e+01
1.492563794436668267e+01 1.504074571633051960e+01 7.313251127808286789e+00 1.314307382787320932e+01
1.076330799330718690e+01 1.133075331452044665e+01 7.490457154750949087e-01 1.130596750351974578e+01
5.520595959355546256e+00 1.025842122911200782e+01 -5.948643246459096368e+00 8.357562422157103654e+00
-1.183956170857906276e+00 1.327728818897949559e+01 -1.270496353997915939e+01 3.856200604353283268e+00
-9.774472866241652014e+00 1.937273253494984360e+01 -1.916975254142732155e+01 -2.797025808094176114e+00
-2.052770138408397571e+01 2.736734224658615133e+01 -2.447119709654647934e+01 -1.225283372545936622e+01
-3.307875541023616961e+01 3.660871271755284084e+01 -2.693364677297227416e+01 -2.479468730081255146e+01
-4.560072059396487987e+01 4.624014430155046540e+01 -2.418756173280585386e+01 -3.940955217266387223e+01
-5.446486713066676089e+01 5.483229901472638801e+01 -1.452721027500757067e+01 -5.287287751641742517e+01
-5.607369150236265654e+01 6.077803175575272832e+01 7.330861448890360066e-01 -6.077361046381446386e+01
-5.010431831126549440e+01 6.330425415689674651e+01 1.710417145552603202e+01 -6.094978189609005881e+01
-3.972126855255949351e+01 6.290954781570076904e+01 3.035144498486357989e+01 -5.510354792303976978e+01
-2.851910557551412495e+01 6.072131362401029264e+01 3.902034288116819738e+01 -4.652408805835407435e+01
-1.853127569873857539e+01 5.773589377158138092e+01 4.375751665652804689e+01 -3.766580897388239890e+01
-1.036143483439965607e+01 5.456779503058501746e+01 4.579245039054362820e+01 -2.967651835592477383e+01
-3.911334245631490347e+00 5.152194467487196761e+01 4.616724928094627955e+01 -2.287128935830975607e+01
1.132652394208674806e+00 4.872174672820077035e+01 4.558610741193614757e+01 -1.719637796962962284e+01
5.091521117615579684e+00 4.619968979635209649e+01 4.448199827886902114e+01 -1.248051146379238574e+01
8.230786234175532456e+00 4.394751316264117946e+01 4.310971750543956205e+01 -8.540267547431827921e+00
1.075376656944146703e+01 4.194108286251866957e+01 4.161554288993347228e+01 -5.215459870113559937e+00
1.281156705339648028e+01 4.015191230559008062e+01 4.008153438264382373e+01 -2.376270887070075055e+00
1.451544728953228969e+01 3.855212994483187572e+01 3.855204823076752518e+01 7.937566237379933831e-02
1.594735436843065557e+01 3.711636086658168665e+01 3.704925514497148953e+01 2.230905013916999913e+00
1.716791754878201104e+01 3.582220663055283438e+01 3.558216295341552637e+01 4.140068530665566016e+00
1.822223831123085702e+01 3.465012132070270923e+01 3.415185246991141810e+01 5.855073049315588918e+00
1.914399608679671871e+01 3.358305357389655654e+01 3.275449943512781203e+01 7.413788107399499339e+00
1.995832557512283145e+01 3.260601992302030538e+01 3.138308494738639354e+01 8.846158172083892879e+00
2.068380772658761657e+01 3.170567775907482755e+01 3.002831042144193674e+01 1.017598031620609689e+01
2.133381262909306741e+01 3.086992035898595788e+01 2.867901076187166964e+01 1.142218563544581400e+01
2.191735013088516126e+01 3.008749476003521650e+01 2.732222978818359138e+01 1.259972620086801598e+01
2.243951975150044120e+01 2.934763281508437416e+01 2.594304427681149150e+01 1.372013139515856750e+01
2.290159827353531341e+01 2.863968029686070338e+01 2.452417440606751242e+01 1.479175977384619323e+01
2.330075361370509768e+01 2.795270554723954248e+01 2.304538635361384280e+01 1.581973183158757479e+01
2.362931874515543029e+01 2.727506694218683947e+01 2.148267127725359416e+01 1.680547861544671306e+01
2.387348956355302221e+01 2.659391818847762323e+01 1.980717336336744694e+01 1.774577042477863387e+01
2.401121266480334526e+01 2.589463594391281376e+01 1.798384487959966904e+01 1.863098210010084799e+01
2.400888624083617984e+01 2.516017581392247138e+01 1.596984911630336157e+01 1.944218007811866045e+01
2.381629162065374672e+01 2.437042692330510008e+01 1.371286425864163405e+01 2.014634116280728193e+01
2.335890016331847363e+01 2.350180902003222627e+01 1.114978258426375568e+01 2.068858080047340664e+01
2.252642643577723902e+01 2.252780923959502601e+01 8.207120904608117939e+00 2.097964145529488178e+01
2.115654179112447508e+01 2.142231692119900544e+01 4.806346555807129661e+00 2.087617529763941704e+01
1.901411753367198187e+01 2.017053035127175775e+01 8.814387091020909892e-01 2.015126200647670629e+01
1.577243685568507559e+01 1.879908788819960819e+01 -3.575863434126413942e+00 1.845586373293677340e+01
1.102127849209544941e+01 1.744988328561180779e+01 -8.415089918922735279e+00 1.528674878245597668e+01
4.369923902189271736e+00 1.652282221459507028e+01 -1.313718347699394151e+01 1.002088140968217012e+01
-4.228751006599903661e+00 1.678217242475128401e+01 -1.664219400674654992e+01 2.163027955411475300e+00
-1.387589428613882703e+01 1.896597977686785441e+01 -1.718588086847250196e+01 -8.022087488380520881e+00
-2.232127111826330434e+01 2.290901277323282059e+01 -1.314220007334113305e+01 -1.876447290697015191e+01
-2.687543685172083130e+01 2.752223694033833823e+01 -4.567989759132982108e+00 -2.714050470718222385e+01
-2.645442898732378723e+01 3.169360242596636468e+01 6.273209708683785912e+00 -3.106656200299763526e+01
-2.223579463341512152e+01 3.490019361627694394e+01 1.661127659399687317e+01 -3.069346843175840078e+01
-1.623580332314129748e+01 3.716442782688952917e+01 2.491411231431041884e+01 -2.757683272767209459e+01
-9.962938802493406243e+00 3.873710439901284275e+01 3.097600238660964322e+01 -2.326049297338243704e+01
-4.154836322119020764e+00 3.987603505119114544e+01 3.521474635442401535e+01 -1.870881638686439530e+01
9.606764312582427578e-01 4.077357114190571963e+01 3.815397784138654913e+01 -1.437908476027008042e+01
5.396532275379813726e+00 4.155724009341912506e+01 4.022652053261268890e+01 -1.043222172029390293e+01
9.252097396904595428e+00 4.230857494015467779e+01 4.174426644635553174e+01 -6.887069937379758144e+00
1.264392050637841969e+01 4.308033039172680390e+01 4.292078355035360460e+01 -3.704214637954375000e+00
1.568013081865547953e+01 4.390843394390783772e+01 4.390067414945314539e+01 -8.254578305731516963e-01
1.845381060441366117e+01 4.481960989769471837e+01 4.478306584238791288e+01 1.809542798024835530e+00
2.104366771257141266e+01 4.583619260703361675e+01 4.563804830121662803e+01 4.257358331747637337e+00
2.351709736213243573e+01 4.697929239818685687e+01 4.651767020951720610e+01 6.569647822595440445e+00
2.593378160730818749e+01 4.827108083898244928e+01 4.746326347924908617e+01 8.794081263154144068e+00
2.834927202966711235e+01 4.973669188131840713e+01 4.851042975572335081e+01 1.097618896576744518e+01
3.081854107124001274e+01 5.140608347479250995e+01 4.969259058853530320e+01 1.316175743651083607e+01
3.339973117984548878e+01 5.331613695129405528e+01 5.104367788758518998e+01 1.539978594388862732e+01
3.615848544155627309e+01 5.551326352038741163e+01 5.260030372064868942e+01 1.774628060128340223e+01
3.917340823017009654e+01 5.805682286897957312e+01 5.440353928905661007e+01 2.026942511429822602e+01
4.254343692026226620e+01 6.102372329847298715e+01 5.650016177091473679e+01 2.305702767203657544e+01
4.639823764474095924e+01 6.451463173905291626e+01 5.894272904002706781e+01 2.622770294439762750e+01
5.091313523730160284e+01 6.866216866406553265e+01 6.178676177523512081e+01 2.994811304544791497e+01
5.633026217575853423e+01 7.364097312086111913e+01 6.508084822639784761e+01 3.445977533763036149e+01
6.298637521479068369e+01 7.967765983387940310e+01 6.883984068034624215e+01 4.011989296730420307e+01
7.134101490845367266e+01 8.705289275573608165e+01 7.297879838094009131e+01 4.745841468081065528e+01
8.197366322257224169e+01 9.607173359254413469e+01 7.716058655832381419e+01 5.723654319970933102e+01
9.544337791102161361e+01 1.069402036210365310e+02 8.047790753901698224e+01 7.042381378944331516e+01
1.117410795527227663e+02 1.194247013619909836e+02 8.093499222589852593e+01 8.781677703488369957e+01
1.290002885466416842e+02 1.322093975672177919e+02 7.516869888867020677e+01 1.087611673000574513e+02
1.422928398916351966e+02 1.424804175398454333e+02 6.008034479747138334e+01 1.291937365019900881e+02
1.461694019152148485e+02 1.473943937979797170e+02 3.717339673306079817e+01 1.426297510984310293e+02
1.408973971815670723e+02 1.472315074077795032e+02 1.317134566144166463e+01 1.466411689364001631e+02
1.321048923578877350e+02 1.455717896299230745e+02 -7.210845199536288774e+00 1.453930866567145301e+02
1.237484751745223264e+02 1.459601598672662419e+02 -2.540657538142493621e+01 1.437319525918502734e+02
1.144644372022982139e+02 1.495171186735710478e+02 -4.631027398030065001e+01 1.421644375373680589e+02
9.748044153890862162e+01 1.537321321779535026e+02 -7.370164339375449458e+01 1.349134397494912605e+02
6.534887022287233549e+01 1.516942620891373110e+02 -1.024481834194712349e+02 1.118727798207332569e+02
2.485128083210017280e+01 1.370802893381881233e+02 -1.156831132607721031e+02 7.354198142106824321e+01
-4.559632751859460598e+00 1.135427091116327460e+02 -1.068981148806473840e+02 3.827191956738993639e+01
-1.700058410161570421e+01 8.992236209631414567e+01 -8.823950233763640938e+01 1.731535249964301926e+01
-1.900836897628470012e+01 7.061499589489550033e+01 -7.017706725652696775e+01 7.852189281276766408e+00
-1.662108334472495130e+01 5.591741685305682097e+01 -5.572875678653950615e+01 4.589463426725341577e+00
-1.279900114688416402e+01 4.490034836122855211e+01 -4.469827016769615824e+01 4.255105988729647848e+00
-8.716020856748288637e+00 3.663735087442447025e+01 -3.625936234127132707e+01 5.249202006027800849e+00
-4.779812411508614467e+00 3.046027997409247234e+01 -2.968294656133222276e+01 6.837495121548139210e+00
-1.098976538737819197e+00 2.593788043658748421e+01 -2.443927182266040887e+01 8.688822378252682554e+00
2.328844621077884369e+00 2.280451734162687316e+01 -2.016103635329982069e+01 1.065732726087942694e+01
5.543970638324825728e+00 2.088661671635661676e+01 -1.659427038301100410e+01 1.268388537915379999e+01
8.597072183770809062e+00 2.003750212826367871e+01 -1.356104274444725988e+01 1.475125795393212158e+01
1.153939983188944751e+01 2.009812617226642928e+01 -1.093435403983896137e+01 1.686340942300216739e+01
1.442005773410576275e+01 2.089744367284274418e+01 -8.621790605742845059e+00 1.903596277602894560e+01
1.728606281292605473e+01 2.227815807696419270e+01 -6.554952518115934268e+00 2.129199203427078402e+01
2.018351335506414301e+01 2.411944289335461278e+01 -4.682630876303430334e+00 2.366052606266572411e+01
2.315923611883388133e+01 2.634412668685270376e+01 -2.966474489625556821e+00 2.617657426011558286e+01
2.626271659506155132e+01 2.891504079927224780e+01 -1.378412035700117499e+00 2.888216689729868136e+01
2.954830588304156791e+01 3.182841360772263428e+01 1.005371850339180639e-01 3.182825482269941730e+01
3.307778253246275568e+01 3.510873739027318408e+01 1.480137777066612870e+00 3.507752319221051351e+01
3.692337856685627884e+01 3.880654883902902696e+01 2.759273271820930518e+00 3.870832783532969756e+01
4.117135353031530087e+01 4.299934463521822181e+01 3.922119789949658042e+00 4.282009592949968635e+01
4.592605929786785168e+01 4.779566872608497619e+01 4.930901824928415778e+00 4.754063689273183257e+01
5.131400967205410524e+01 5.334259616457726594e+01 5.712858798264367266e+00 5.303579743841197569e+01
5.748631261136068815e+01 5.983701571970257760e+01 6.137013270572985846e+00 5.952147107016714500e+01
6.461483424768323403e+01 6.754085531460279412e+01 5.972588570113671835e+00 6.727626121003051196e+01
7.286989564358404436e+01 7.679865540935847434e+01 4.814304511123555841e+00 7.664760886524484818e+01
8.234856978444659603e+01 8.804967931090185118e+01 1.949629835639111519e+00 8.802809193806623966e+01
9.287875817836611247e+01 1.018078302595525031e+02 -3.864796563430894949e+00 1.017344467212612642e+02
1.035370717180359605e+02 1.185313835112369247e+02 -1.471664415339937193e+01 1.176142391972593799e+02
1.116360620745619769e+02 1.381925833989463683e+02 -3.370223637613638346e+01 1.340199588483811510e+02
1.113379852493159206e+02 1.592518045693473709e+02 -6.386483681406897261e+01 1.458849542526779715e+02
9.440687806175239416e+01 1.772680782774030774e+02 -1.037470987565166922e+02 1.437376466892688427e+02
5.829183919388022872e+01 1.856457747296339846e+02 -1.415858351638728436e+02 1.200741643981528455e+02
1.494932689063666231e+01 1.811222215216177176e+02 -1.617604905629751499e+02 8.147884892259823175e+01
-1.954444750991621049e+01 1.674200042898768288e+02 -1.614892441606468196e+02 4.416652416531524494e+01
-4.002589946244874142e+01 1.507425771348755745e+02 -1.497430086667955322e+02 1.733077945967558264e+01
-4.979424976241037371e+01 1.350446437496567285e+02 -1.350419329743140224e+02 8.556541547717051444e-01
-5.333929099540627305e+01 1.217568657198281130e+02 -1.214630134325465889e+02 -8.454035592618508232e+00
-5.373559441394435510e+01 1.110283403063923089e+02 -1.102135201702694616e+02 -1.342655290346957209e+01
-5.271337781815379486e+01 1.025739600990586951e+02 -1.013321993252585429e+02 -1.591234333180871729e+01
-5.118479058270578008e+01 9.603452386791407491e+01 -9.451460630131299467e+01 -1.701819526990936282e+01
-4.962661629740092906e+01 9.109484530440525418e+01 -8.941826109098981590e+01 -1.739670728894121865e+01
-4.829678435070275100e+01 8.750965306888504358e+01 -8.575359521285639630e+01 -1.744305845619379980e+01
-4.734911009367188939e+01 8.509996325366192593e+01 -8.329951748422936930e+01 -1.741247060784813527e+01
-4.689444805839416119e+01 8.374247848007713912e+01 -8.189584751883552372e+01 -1.748922128506085016e+01
-4.703521591791803758e+01 8.335910145599996213e+01 -8.143008367398061864e+01 -1.782922512057690767e+01
-4.788719722909304721e+01 8.390804653660624979e+01 -8.182294845778615411e+01 -1.858938888892666341e+01
-4.959539158570514417e+01 8.537589374586919178e+01 -8.301197068898422060e+01 -1.995133968527353119e+01
-5.234626185066616699e+01 8.776870529821660227e+01 -8.492943634929815744e+01 -2.214354242472753143e+01
-5.637447265671193009e+01 9.109889065760475546e+01 -8.746812899950600695e+01 -2.546240931985823153e+01
-6.195553825705647455e+01 9.536225097371422521e+01 -9.042479600642296589e+01 -3.028721145913656443e+01
-6.936366228888479668e+01 1.004965044096291251e+02 -9.340909501325180031e+01 -3.707139554103547852e+01
-7.875515545309949061e+01 1.063104908932069463e+02 -9.571342439087078446e+01 -4.626943770273958023e+01
-8.992395985577491047e+01 1.123798908451941401e+02 -9.617940958303476862e+01 -5.812711104671029005e+01
-1.019206224429620704e+02 1.179389405775887525e+02 -9.320348336927574451e+01 -7.226828067968095581e+01
-1.127357900904548842e+02 1.218746786398076125e+02 -8.516407680630535992e+01 -8.718094582697584372e+01
-1.195915674413383698e+02 1.229938250501862314e+02 -7.143657315427635979e+01 -1.001214113786333826e+02
-1.202458356861428115e+02 1.205828287477932008e+02 -5.339765106668109240e+01 -1.081152600208712187e+02
-1.144821657433147806e+02 1.148698616652141169e+02 -3.414272801001953894e+01 -1.096784356335339794e+02
-1.041782944792492032e+02 1.069030789377553958e+02 -1.678986435428780766e+01 -1.055763645014194196e+02
-9.192317879045300799e+01 9.796164029902450920e+01 -3.039042324696200836e+00 -9.791448918226642206e+01
-7.972794293732614790e+01 8.905409726070045906e+01 6.919192832524604597e+00 -8.878489178607269139e+01
-6.866060584069296624e+01 8.076888182254231197e+01 1.371821852187385460e+01 -7.959536890705339829e+01
-5.907393702946757941e+01 7.335605975024580516e+01 1.819375408518028436e+01 -7.106404726983693365e+01
-5.093391247316294823e+01 6.686146326640697168e+01 2.108081710366202444e+01 -6.345119715471914645e+01
-4.404783741940367037e+01 6.123052314354561076e+01 2.293430753459105986e+01 -5.677318471198418592e+01
-3.818328552524110364e+01 5.637025065153936509e+01 2.414527322117813313e+01 -5.093732363986188716e+01
-3.311823119731387521e+01 5.218110596699706605e+01 2.498174836892058437e+01 -4.581244447059020075e+01
-2.865623615072362185e+01 4.857151068927320381e+01 2.562701159479160395e+01 -4.126073105700621824e+01
-2.462605849825659377e+01 4.546359046239621904e+01 2.620857030649256103e+01 -3.714900941104783527e+01
-2.087495556395158758e+01 4.279509513885383853e+01 2.681828809000101543e+01 -3.334965654793555956e+01
-1.725945429047084190e+01 4.052025729901068019e+01 2.752564767441601035e+01 -2.973600463549104234e+01
-1.363461994311905023e+01 3.861131960587233891e+01 2.838581401287911632e+01 -2.617402461474080511e+01
-9.841463457243715851e+00 3.706224280149569950e+01 2.944319190603106406e+01 -2.251018195976315539e+01
-5.691341085152650692e+00 3.589654564161230610e+01 3.072969750737444627e+01 -1.855391279772599233e+01
-9.458139082290557553e-01 3.518232772582485524e+01 3.225438845015698064e+01 -1.405171199227069856e+01
4.708965643557206704e+00 3.505920955193309396e+01 3.397579407934328799e+01 -8.648328802977978569e+00
1.168993466438722884e+01 3.578327079618873086e+01 3.573642282981771956e+01 -1.830451365607942193e+00
2.052548512664563063e+01 3.779329732326202418e+01 3.711210341657677247e+01 7.143185743195772375e+00
3.175855659191297420e+01 4.178425443386414884e+01 3.707334436085861995e+01 1.927410326046553024e+01
4.545275140055070295e+01 4.871742038411294118e+01 3.328396447381478396e+01 3.557477698859429438e+01
5.952455856724998995e+01 5.953965321734307992e+01 2.105530104628333277e+01 5.569241064177283107e+01
6.614928905278824800e+01 7.407030279281877938e+01 -6.120190559174684353e+00 7.381702393986935817e+01
5.149747822803271191e+01 8.895837918835134417e+01 -4.796375469713674278e+01 7.492043421638314271e+01
1.302375173521153329e+01 9.848370481743521054e+01 -8.563175348561125588e+01 4.864404289887114174e+01
-2.929399777268731953e+01 1.008827940538019732e+02 -1.004803478648914847e+02 9.002101368692734695e+00
-5.970277136367348447e+01 9.936517205597660052e+01 -9.601063274244613410e+01 -2.560069956288234749e+01
-7.778403677720557141e+01 9.704045770615846322e+01 -8.293500779877510354e+01 -5.038486789937869759e+01
-8.768916646949708138e+01 9.519794183482599692e+01 -6.720805446056527899e+01 -6.742199600436495643e+01
-9.241397075425976482e+01 9.404681680723784609e+01 -5.079715868658716715e+01 -7.914829385996792155e+01
-9.337749058830658555e+01 9.338204453825056817e+01 -3.412475422324028784e+01 -8.692357212716960646e+01
-9.109289517021053939e+01 9.287723429689840771e+01 -1.732520079794315748e+01 -9.124701676192988486e+01
-8.576211276411434881e+01 9.220837201205674205e+01 -7.224189386428960802e-01 -9.220554202427823043e+01
-7.767411785237348454e+01 9.112444692534734259e+01 1.508184560293820198e+01 -8.986769586820160782e+01
-6.739663480346543167e+01 8.949349193721178608e+01 2.934476568616275927e+01 -8.454566710328801094e+01
-5.575486804759394488e+01 8.731700777322760132e+01 4.141933436586951700e+01 -7.686805960318102393e+01
-4.365685201631669088e+01 8.470704064056360494e+01 5.095047565733288053e+01 -6.767076003986969113e+01
-3.188925440918960774e+01 8.183782182959302531e+01 5.793510799198127614e+01 -5.780097182374773013e+01
-2.099088693665741090e+01 7.889487237535996655e+01 6.265011115940722419e+01 -4.795168880069038408e+01
-1.123333394388465933e+01 7.603938058802422972e+01 6.552082757013488390e+01 -3.858767361133668317e+01
-2.674060899699821192e+00 7.339264173741143793e+01 6.700156913128397207e+01 -2.995445868550793733e+01
4.767459976029382318e+00 7.103577376879410110e+01 6.750064574962952690e+01 -2.213015992518620578e+01
1.124310227969759524e+01 6.901732135312688854e+01 6.734869431082736924e+01 -1.508456235319787453e+01
1.693032388625615425e+01 6.736306952364888900e+01 6.679536098303037761e+01 -8.727135085159222427e+00
2.200606715649096756e+01 6.608505366806795678e+01 6.601965210522074301e+01 -2.939362893050791570e+00
2.663477452540566404e+01 6.518873512149694704e+01 6.514430004960146903e+01 2.406524005320356707e+00
3.096507517692032962e+01 6.467836714940567333e+01 6.424919580439915023e+01 7.438549294136418411e+00
3.513121882122747053e+01 6.456098812350518301e+01 6.338191101616732936e+01 1.228228575722062033e+01
3.925684823346469443e+01 6.484956091742904505e+01 6.256477882007335722e+01 1.706206325092720277e+01
4.345978062192861557e+01 6.556573095472595014e+01 6.179846191788818288e+01 2.190468397879397955e+01
4.785707836023617290e+01 6.674259487645556987e+01 6.106180053967709398e+01 2.694495287981339260e+01
5.256986924937238825e+01 6.842777932866931678e+01 6.030716334250513455e+01 3.233275480736939045e+01
5.772705012686693493e+01 7.068698558517316144e+01 5.944946246476906992e+01 3.824148720654692823e+01
6.346580997225061083e+01 7.360782795649608090e+01 5.834515971238241150e+01 4.487710635290241612e+01
6.992383434248570495e+01 7.730293831260696891e+01 5.675447271509594316e+01 5.248498926925819319e+01
7.721067569531631136e+01 8.190906112934358418e+01 5.427504333894422928e+01 6.134585532573712641e+01
8.532875503280358487e+01 8.757311641996875551e+01 5.022939567042183029e+01 7.173603369360206727e+01
9.397837347090478488e+01 9.440228237797862221e+01 4.349044814230786926e+01 8.378765922588387127e+01
1.021223349663211195e+02 1.023254573990830352e+02 3.228072604022214875e+01 9.710022635528549984e+01
1.071826120027235874e+02 1.107716472645352184e+02 1.421923013526626356e+01 1.098552289700355971e+02
1.042342408292074083e+02 1.181151281937887347e+02 -1.246327006787671365e+01 1.174557380780109668e+02
8.741157943837993116e+01 1.213360067246547374e+02 -4.527988009890620447e+01 1.125706843992437314e+02
5.646141916477023415e+01 1.173398415834463151e+02 -7.422186669233634859e+01 9.088318286423142922e+01
2.158721273901737447e+01 1.060435299096634054e+02 -8.817632904623528134e+01 5.890810836915169801e+01
-5.458785393834688193e+00 9.090921419351813881e+01 -8.618235865908079063e+01 2.893244340252860169e+01
-2.126108278655582495e+01 7.569058749633003913e+01 -7.531812411928491713e+01 7.499680972653784750e+00
-2.844610048454695672e+01 6.231903879920421474e+01 -6.206659770182803015e+01 -5.603574446382941332e+00
-3.049859101955816953e+01 5.123223964926557983e+01 -4.959273428566365993e+01 -1.285702475502556474e+01
-2.984889381011199561e+01 4.222035088397978342e+01 -3.886702235297318708e+01 -1.648977265397722647e+01
-2.788687385453696521e+01 3.491488252787771529e+01 -2.992566253125829689e+01 -1.798620982866439988e+01
-2.534591175665287111e+01 2.897434105820657280e+01 -2.251160118110050590e+01 -1.824116915168404418e+01
-2.259697817690592814e+01 2.413414688773243810e+01 -1.632329768594378905e+01 -1.777658568608458722e+01
-1.981979888242585019e+01 2.021090986455839911e+01 -1.109332992530576689e+01 -1.689434546591312980e+01
-1.709432440970359934e+01 1.709569297504954122e+01 -6.604208467131034155e+00 -1.576854935686326620e+01
-1.444827610349197933e+01 1.474488678400394548e+01 -2.684071085374270638e+00 -1.449853263891736077e+01
-1.188162786257527159e+01 1.316340809473986084e+01 8.023792517108034872e-01 -1.313893071011058034e+01
-9.379050077817838726e+00 1.236864248129479193e+01 3.962703526544199661e+00 -1.171666751217274971e+01
-6.915961005603760370e+00 1.233922372708801163e+01 6.884034877556267418e+00 -1.024043485364369666e+01
-4.461035611135631740e+00 1.298829102305282923e+01 9.638794441218580644e+00 -8.705707634618136126e+00
-1.976571101435134814e+00 1.419109512279749730e+01 1.228906498110568535e+01 -7.096905147629412269e+00
5.826736861319332661e-01 1.583455783997629318e+01 1.488987654027884133e+01 -5.387466807582996786e+00
3.272009548583106664e+00 1.784577378607345821e+01 1.749153384595069483e+01 -3.538062427327686166e+00
6.160881859718863041e+00 2.019612675058802864e+01 2.014088674248951705e+01 -1.492721324302508368e+00
9.338886871900905717e+00 2.289599975047688574e+01 2.288103121306610532e+01 8.277772650491896922e-01
1.292433078730242357e+01 2.598983181337721504e+01 2.574810723657771305e+01 3.536429190769807995e+00
1.707579122528316162e+01 2.955415767710073283e+01 2.876213117759989046e+01 6.796178788515536695e+00
2.200587370171854218e+01 3.369745844110720867e+01 3.190509256782059566e+01 1.084360519518054389e+01
2.799131811926583424e+01 3.855721848302171395e+01 3.507176026832324567e+01 1.601969815036271072e+01
3.535712946741266904e+01 4.428192904599563207e+01 3.796385773206974079e+01 2.279549837432295334e+01
4.436542069271962418e+01 5.096677728976842303e+01 3.987918010222085030e+01 3.173741296450432259e+01
5.483513377313835235e+01 5.847450004964915138e+01 3.936994828038473315e+01 4.323510527865347797e+01
6.523846943940573340e+01 6.605220047744272449e+01 3.402224063239427210e+01 5.661607837234707574e+01
7.164907749013998739e+01 7.188060939246246051e+01 2.149528527235378661e+01 6.859136037207522918e+01
6.921267433888004916e+01 7.348642626257898769e+01 3.030389770382532433e+00 7.342391696637425014e+01
5.773190766158017340e+01 6.982866520722338066e+01 -1.479480972520863347e+01 6.824335930929369454e+01
4.297967733529265644e+01 6.256021851339981765e+01 -2.604845779207913381e+01 5.687933532574554363e+01
3.028259970292713277e+01 5.423190723344839625e+01 -3.036956726335389689e+01 4.493093751986458528e+01
2.125706708392056754e+01 4.644557605027009117e+01 -3.032559915994208311e+01 3.517882275221759869e+01
1.540507273202290328e+01 3.975783542763187484e+01 -2.821230218629833075e+01 2.801341612941283188e+01
1.180011498093235467e+01 3.419729442633399685e+01 -2.533934453867367154e+01 2.296459371362278645e+01
9.684775339607202937e+00 2.961949747665890342e+01 -2.232521470485473714e+01 1.946533891695546359e+01
8.543993027331593382e+00 2.585735390023538116e+01 -1.942726512171087450e+01 1.706411792659596927e+01
8.047327833928862972e+00 2.276933693131871550e+01 -1.673428644865421688e+01 1.544041325050279312e+01
7.985781688276165191e+00 2.024885094767876126e+01 -1.426115172140505116e+01 1.437482230430612340e+01
8.226870120883971182e+00 1.822111459787117127e+01 -1.199245963505736690e+01 1.371823345370218128e+01
8.686069105747371566e+00 1.663663326538710407e+01 -9.902019897254762171e+00 1.336890303507941624e+01
9.309279722330533247e+00 1.546376060454575807e+01 -7.961252037384600300e+00 1.325693622342435951e+01
1.006212435427992702e+01 1.468091504094340394e+01 -6.142553032592710238e+00 1.333410321998387538e+01
1.092338782536997321e+01 1.426916897556394481e+01 -4.420401920662683892e+00 1.356721158208267397e+01
1.188098312832671688e+01 1.420674899698245319e+01 -2.771463962108091650e+00 1.393379720571524771e+01
1.292948422661093844e+01 1.446706812799765629e+01 -1.174267313498468468e+00 1.441933273409607885e+01
1.406866448013956017e+01 1.502054819031341815e+01 3.912934166115995538e-01 1.501545062259685004e+01
1.530271592052622687e+01 1.583869112091949738e+01 1.944521365424440873e+00 1.571887314928465074e+01
1.663997028074364337e+01 1.689826299058108461e+01 3.504514908578188148e+00 1.653087013300859454e+01
1.809303880518329777e+01 1.818429222015781477e+01 5.090798803527558647e+00 1.745715472492852882e+01
1.967936022428465748e+01 1.969176687773149936e+01 6.724007494203737778e+00 1.850819834518787843e+01
2.142221291974316699e+01 2.142659454159204913e+01 8.426649237260395608e+00 1.970001361121257943e+01
2.335232412160785032e+01 2.340652502786607769e+01 1.022398449313109836e+01 2.105553501966492291e+01
2.551031457025890958e+01 2.566264854939157658e+01 1.214504880298042977e+01 2.260684233020642964e+01
2.795037847799544295e+01 2.824201895986474042e+01 1.422382800206106523e+01 2.439865471490473325e+01
3.074585954008374244e+01 3.121202444419859390e+01 1.650052194832375108e+01 2.649383410037393105e+01
3.399781668536467549e+01 3.466738483006771077e+01 1.902263462458103049e+01 2.898218319753879157e+01
3.784839313658392967e+01 3.874114814432461174e+01 2.184510365913013175e+01 3.199481216794944416e+01
4.250195749778058740e+01 4.362185977021279371e+01 2.502730201364695972e+01 3.572815141775197390e+01
4.825860003380050500e+01 4.958017549947644653e+01 2.862106604158525158e+01 4.048491547727498840e+01
5.556564978547792322e+01 5.700896670410314471e+01 3.263388369220177054e+01 4.674453893058939968e+01
6.508718937767397961e+01 6.647786787204272230e+01 3.692359106363630161e+01 5.528069590533505107e+01
7.774883670726505613e+01 7.878004852734218844e+01 4.090500328625557813e+01 6.732812749603104407e+01
9.450682024709257689e+01 9.484015283645028660e+01 4.276891559571318879e+01 8.464912550527624546e+01
1.148111570864631545e+02 1.149505000062593183e+02 3.776278928646628685e+01 1.085706645323448782e+02
1.315010438870302778e+02 1.360192233744686234e+02 1.702628645004399033e+01 1.349493782761322507e+02
1.272745884204673672e+02 1.479916664174795073e+02 -2.233959968028235821e+01 1.462958496169568718e+02
9.814500806924854714e+01 1.421565881529296007e+02 -5.858576342879138110e+01 1.295229859088622675e+02
6.755953936745540034e+01 1.253575329895078312e+02 -7.259736009406906021e+01 1.021965478114971120e+02
4.914210857338520100e+01 1.085720828638354476e+02 -7.135541859549540789e+01 8.183093189285564506e+01
4.101002651194618664e+01 9.614992882172484201e+01 -6.527031906098922320e+01 7.060165906053072149e+01
3.901432573570045292e+01 8.850416279936479214e+01 -5.904136990342623648e+01 6.593256761831182189e+01
4.057200885617133679e+01 8.515529632438649799e+01 -5.421859668147374123e+01 6.566405611889777560e+01
4.435094985335494755e+01 8.571333147746635461e+01 -5.139190765049163900e+01 6.859771877409163210e+01
4.960234773479999149e+01 9.006494863801663087e+01 -5.111981201895654436e+01 7.415160006577821150e+01
5.560814682937098041e+01 9.835529183062274683e+01 -5.438793644037541952e+01 8.194947102236017145e+01
6.099192246160117037e+01 1.108310772176096748e+02 -6.295292362266881980e+01 9.121653953408990390e+01
6.255137935056694687e+01 1.272950144522031195e+02 -7.936132258845424303e+01 9.952789147469115960e+01
5.400745627576710461e+01 1.456532277002285127e+02 -1.051889004083668624e+02 1.007479923887979538e+02
2.871853364631999028e+01 1.599223269700553942e+02 -1.351088108872118312e+02 8.556143923614737901e+01
-8.690734519108708866e+00 1.622879285542651360e+02 -1.535104428263896921e+02 5.264898572318373482e+01
-4.044037442427234907e+01 1.516998890755205593e+02 -1.507129990326261577e+02 1.727565535998187585e+01
-5.684486890262206060e+01 1.349466166591145111e+02 -1.347722602895667592e+02 -6.857638382363425933e+00
-6.148411826905498856e+01 1.182347863284443008e+02 -1.166695156481583950e+02 -1.917521359873213527e+01
-6.027674555565211989e+01 1.040125291368116365e+02 -1.011739812631888356e+02 -2.413362245482438340e+01
-5.682385921379362514e+01 9.256417330325220405e+01 -8.903560127745602415e+01 -2.531378842600172163e+01
-5.278927317937572639e+01 8.348698415708805953e+01 -7.974450651278192481e+01 -2.471619316720829929e+01
-4.885080496253124238e+01 7.628813632744186179e+01 -7.262899895189633526e+01 -2.334327002713621368e+01
-4.525240220955743098e+01 7.055056740694087125e+01 -6.713641979466838450e+01 -2.168141366690295513e+01
-4.205848124775110364e+01 6.595502117960843691e+01 -6.286096877469622513e+01 -1.996405328357105446e+01
-3.926352309655406714e+01 6.226487149573981128e+01 -5.951438428433456096e+01 -1.830170171425443471e+01
-3.683830274649375980e+01 5.930614640274106364e+01 -5.689306314488203498e+01 -1.674509979474061794e+01
-3.474908498444364113e+01 5.695084791066724961e+01 -5.485265312032355922e+01 -1.531618501472904192e+01
-3.296534507746559939e+01 5.510457173077002579e+01 -5.329026474221493004e+01 -1.402360543284868655e+01
-3.146266930062650147e+01 5.369769858505853222e+01 -5.213240147442335370e+01 -1.287072452666668099e+01
-3.022371787395275788e+01 5.267922967467224282e+01 -5.132682442126119327e+01 -1.185994662491760820e+01
-2.923852238725882913e+01 5.201250935900042549e+01 -5.083704695659762507e+01 -1.099526200473618509e+01
-2.850469707159198407e+01 5.167228707301075019e+01 -5.063856903241597252e+01 -1.028399619335185911e+01
-2.802784828892422908e+01 5.164273882303676544e+01 -5.071624698288877653e+01 -9.738314285081031585e+00
-2.782234878503949460e+01 5.191618791339858063e+01 -5.106236933831942082e+01 -9.376833421596519003e+00
-2.791260643913654604e+01 5.249234212385552212e+01 -5.167509480346232920e+01 -9.226622280177988245e+00
-2.833495606996796568e+01 5.337790661754946342e+01 -5.255691385580507102e+01 -9.325863006999153271e+00
-2.914030822681558419e+01 5.458643780027677650e+01 -5.371270888034030833e+01 -9.727491786647609828e+00
-3.039766484386793621e+01 5.613826108543052840e+01 -5.514676977180422313e+01 -1.050419637247815707e+01
-3.219848613568692741e+01 5.806015349189938490e+01 -5.685769062441902832e+01 -1.175518780627384174e+01
-3.466150270350144069e+01 6.038422392561569296e+01 -5.882928351720751436e+01 -1.361506151109554352e+01
-3.793654212892963784e+01 6.314488245984998116e+01 -6.101427586599676545e+01 -1.626451110289866975e+01
-4.220348287624622685e+01 6.637175174891856955e+01 -6.330537319113317096e+01 -1.994089153853037644e+01
-4.765699453556122478e+01 7.007451797865829235e+01 -6.548541638155549549e+01 -2.494189871031490924e+01
-5.445683564670994770e+01 7.421284895235407930e+01 -6.714687768976007476e+01 -3.160448965165111801e+01
-6.260599102221158319e+01 7.864164472632852210e+01 -6.757914819996761935e+01 -4.021898822482842917e+01
-7.170622301412163324e+01 8.302474637527507184e+01 -6.566320026966458556e+01 -5.080799780570645652e+01
-8.058860405903328683e+01 8.673571471419377588e+01 -5.992491018940850722e+01 -6.270637404421766803e+01
-8.704843118247954692e+01 8.883656587306003871e+01 -4.905189036945628800e+01 -7.406650718983161141e+01
-8.830965995225018617e+01 8.830967329938603427e+01 -3.303636362421151773e+01 -8.189747906213700901e+01
-8.263882055086854450e+01 8.460269800238670257e+01 -1.415372684189140884e+01 -8.341036222057886107e+01
-7.090044137923953826e+01 7.809423610826196693e+01 3.795228661242894042e+00 -7.800196121086858625e+01
-5.605218747470452456e+01 6.992985555961699617e+01 1.777093047867083087e+01 -6.763415356542243728e+01
-4.110324409134530299e+01 6.137552274372817607e+01 2.686290104845425120e+01 -5.518459331486324970e+01
-2.780818798719820251e+01 5.333582517367891285e+01 3.178160239833506751e+01 -4.283269774309556510e+01
-1.670347173739519064e+01 4.627948115856411704e+01 3.376001171618289476e+01 -3.165520470995385693e+01
-7.652495908565587257e+00 4.037712019420455078e+01 3.389182219200446866e+01 -2.194666771249782045e+01
-2.810221470117699738e-01 3.565073964321936728e+01 3.294849048752792697e+01 -1.361514640765551221e+01
5.804959573437850295e+00 3.206670045392157675e+01 3.141507564672655306e+01 -6.431663868081307633e+00
1.094138255000641458e+01 2.957526133010008351e+01 2.957488916622955699e+01 -1.483696362166220251e-01
1.539207456683483954e+01 2.811639078597270114e+01 2.758171365612083292e+01 5.457151511666888055e+00
1.935719077734738036e+01 2.761245685186539944e+01 2.550877832379913457e+01 1.057118734217702638e+01
2.298645619810886132e+01 2.796541747952255719e+01 2.337866147346915824e+01 1.534609926049335726e+01
2.639091450453868504e+01 2.906638466461118497e+01 2.118014531765913233e+01 1.990618400884474681e+01
2.965139110599521644e+01 3.081256308064903493e+01 1.887655803520680564e+01 2.435343097681403179e+01
3.282330235565526522e+01 3.312164445894778453e+01 1.640840108676680487e+01 2.877164759690929330e+01
3.593755739643858504e+01 3.593840845687668661e+01 1.369176382694175587e+01 3.322807255500317325e+01
3.899678811767179099e+01 3.923413062846712052e+01 1.061321423769467032e+01 3.777137394530965508e+01
4.196517793332791513e+01 4.300115166475408301e+01 7.021545912812960033e+00 4.242401368905873227e+01
4.474872780286104756e+01 4.724341731147439560e+01 2.717271338152419613e+00 4.716520874268419306e+01
4.716106048078530932e+01 5.196084163893386432e+01 -2.556892028371198222e+00 5.189789366613653954e+01
4.886912020098012022e+01 5.712142064377752604e+01 -9.114535270828017843e+00 5.638955526655805528e+01
4.931864028342441486e+01 6.260991072299955817e+01 -1.728672687746313130e+01 6.017615802463604524e+01
4.766687012787532041e+01 6.813775424745426790e+01 -2.728737203897479091e+01 6.243518944548056737e+01
4.283240591721181545e+01 7.310831812453083955e+01 -3.888759281832994930e+01 6.190784525238603919e+01
3.391945561848436341e+01 7.649043004836700277e+01 -5.085980479222185124e+01 5.713200631415995900e+01
2.126455370906767328e+01 7.689836139828155126e+01 -6.055283618709413673e+01 4.739949383104909941e+01
7.546968306746375532e+00 7.316487200578029615e+01 -6.464828597656753573e+01 3.425927051053704986e+01
-2.859359222284286517e+00 6.527056622507343775e+01 -6.153085156419425061e+01 2.177615946687549453e+01
-6.674469498249759880e+00 5.478329639503999005e+01 -5.291609626466318872e+01 1.418084341693751682e+01
-3.498560721340444601e+00 4.455292355428093032e+01 -4.249177676606724674e+01 1.339447290849133410e+01
5.121778825727476558e+00 3.868868382164492914e+01 -3.363714585505569943e+01 1.911430549554231817e+01
1.724451208883068887e+01 4.175409130111690104e+01 -2.879784691447596146e+01 3.023389080936182083e+01
3.088026494014933121e+01 5.469935427011577644e+01 -3.029343596812488926e+01 4.554478120282004738e+01
4.286729956606585290e+01 7.534449200683727099e+01 -4.139102723472999656e+01 6.295693242385785737e+01
4.640271945969377754e+01 1.012804577587213402e+02 -6.608705518451849059e+01 7.674784857476164746e+01
3.023836286595106060e+01 1.274880872589086920e+02 -1.035043474610813377e+02 7.443159577485130285e+01
-9.321575828532246533e+00 1.441789612584530289e+02 -1.368926450883051587e+02 4.525457535204392912e+01
-5.223650511734285828e+01 1.446181580139144387e+02 -1.446031333835143187e+02 2.084572619769400781e+00
-7.770735111273725693e+01 1.333769746349779837e+02 -1.296182332588971349e+02 -3.144091235351950075e+01
-8.598658389592014828e+01 1.185394838074950030e+02 -1.078656884495787551e+02 -4.915895113451651355e+01
-8.501618654962246069e+01 1.044387702026993310e+02 -8.809112509008178904e+01 -5.610178608400806155e+01
-8.029075418556637089e+01 9.229334705371991276e+01 -7.227660439284183269e+01 -5.739472421589833573e+01
-7.441559212118080779e+01 8.209781681427946864e+01 -6.002687951472219652e+01 -5.600736792062284763e+01
-6.846196287569711103e+01 7.353109874307229177e+01 -5.052149162727376819e+01 -5.342659792761237014e+01
-6.282385219022038569e+01 6.625408812895274480e+01 -4.304407655345836048e+01 -5.036677146154053730e+01
-5.761377883533779709e+01 5.998320948583001666e+01 -3.705947215446479959e+01 -4.716546346484275176e+01
-5.283170343829580418e+01 5.449633287918856439e+01 -3.218424108681669082e+01 -4.397755021536544007e+01
-4.843569210459497754e+01 4.962214872674419297e+01 -2.814508848499134075e+01 -4.086822284405241845e+01
-4.437112289198272208e+01 4.522793527616182274e+01 -2.474553815055481465e+01 -3.785795122539146718e+01
-4.058233659566533902e+01 4.120937023995385573e+01 -2.184237782107230430e+01 -3.494456648314761082e+01
-3.701679392080467323e+01 3.748276662872733311e+01 -1.932963136721077646e+01 -3.211422029804517564e+01
-3.362603049234358110e+01 3.397930866108684000e+01 -1.712774866450141431e+01 -2.934678249435670594e+01
-3.036525917996240764e+01 3.064078060941924875e+01 -1.517630724611843540e+01 -2.661836085723491152e+01
-2.719241294884955096e+01 2.741638782011115438e+01 -1.342908293763332495e+01 -2.390226040685074338e+01
-2.406695390943302471e+01 2.426042556779084691e+01 -1.185075775832227052e+01 -2.116902901136196036e+01
-2.094856247019226814e+01 2.113077115358863622e+01 -1.041481810686398290e+01 -1.838589278077819245e+01
-1.779572252151737999e+01 1.798862225605164866e+01 -9.102400186748962341e+00 -1.551569661701301506e+01
-1.456417388803865620e+01 1.480120505799145292e+01 -7.902004212507751646e+00 -1.251535059813433648e+01
-1.120518933950521578e+01 1.155405994149486482e+01 -6.810162421170804947e+00 -9.333701780586805441e+00
-7.663651092735739745e+00 8.303046061669032696e+00 -5.833351860532809852e+00 -5.908686823094961404e+00
-3.875977818200658120e+00 5.440466506164135296e+00 -4.991754177913099610e+00 -2.163577137977962916e+00
2.318371650478177060e-01 4.765037863792984218e+00 -4.325986140310536854e+00 1.997856290432811655e+00
4.745288486979292841e+00 7.754480485906339204e+00 -3.908841212846120516e+00 6.697232859850244857e+00
9.759447087882843874e+00 1.269084308533000893e+01 -3.865713473169596792e+00 1.208775237833004113e+01
1.536889798255236350e+01 1.888004656915873269e+01 -4.410206669846127525e+00 1.835772958682111167e+01
2.163697541097960908e+01 2.639165058015480625e+01 -5.905879752878965938e+00 2.572236001399404870e+01
2.851478604450420562e+01 3.552916045736515827e+01 -8.969839192759573976e+00 3.437823770441460880e+01
3.564524282539238698e+01 4.670484262785373630e+01 -1.462833805995713377e+01 4.435486501496981049e+01
4.193545043730246391e+01 6.030424853213173719e+01 -2.447126622286173259e+01 5.511587357989473901e+01
4.481767496745793267e+01 7.631737065668144737e+01 -4.048453238893977613e+01 6.469423236423931201e+01
3.974971991386127002e+01 9.352690443176253154e+01 -6.360447284785946920e+01 6.856932904975774079e+01
2.236226923268250744e+01 1.086272576621346246e+02 -9.018311367642873222e+01 6.055482734530847466e+01
-5.161268972814909262e+00 1.172414208541053711e+02 -1.105324130006690382e+02 3.909138575362840129e+01
-3.255321111551913305e+01 1.176373274831745732e+02 -1.170067407027358826e+02 1.216402266959371659e+01
-5.150871666526882109e+01 1.121481055894403625e+02 -1.116611197516817953e+02 -1.043991968842879103e+01
-6.135220053151724784e+01 1.042253802998983332e+02 -1.011024423530495966e+02 -2.532244160634431651e+01
-6.503401929334266640e+01 9.610428804302347316e+01 -8.996729692966394509e+01 -3.379230183675131372e+01
-6.533773695947411397e+01 8.872859016315129566e+01 -8.013589000909971105e+01 -3.809201812440424106e+01
-6.399976374243959754e+01 8.234413765461803791e+01 -7.201491301897780772e+01 -3.993005520847352585e+01
-6.195618426946532509e+01 7.691632893221448342e+01 -6.547040291131347090e+01 -4.037013746618769261e+01
-5.968150430597208356e+01 7.232536591255507119e+01 -6.023656379630430280e+01 -4.003142436135322413e+01
-5.740778159472222342e+01 6.844227571618526440e+01 -5.605698281135854444e+01 -3.926779575297518932e+01
-5.524401534692132287e+01 6.515399822468361890e+01 -5.272145629421876833e+01 -3.828173886958188632e+01
-5.323781391643949945e+01 6.236903039245048319e+01 -5.006788218192738782e+01 -3.719009445956073279e+01
-5.140689156038485663e+01 6.001645521638281622e+01 -4.797472172747031038e+01 -3.606107280589239394e+01
-4.975527652030571346e+01 5.804325775893315864e+01 -4.635249226264611622e+01 -3.493517185174972184e+01
-4.828183598090720352e+01 5.641168756774596460e+01 -4.513668214612829388e+01 -3.383723421144772203e+01
-4.698497899080265938e+01 5.509723392415958187e+01 -4.428247213802611526e+01 -3.278365213697983194e+01
-4.586554143346083379e+01 5.408735771354058386e+01 -4.376107310984033205e+01 -3.178695872064056616e+01
-4.492895700674976922e+01 5.338100161387416875e+01 -4.355739390001895117e+01 -3.085911161940713399e+01
-4.418740837063107563e+01 5.298889540935766007e+01 -4.366879775543333153e+01 -3.001431557272139372e+01
-4.366251451258649752e+01 5.293471494934215826e+01 -4.410477156173472224e+01 -2.927205445907929970e+01
-4.338915444214791961e+01 5.325721275840812297e+01 -4.488736625139074476e+01 -2.866103734703014183e+01
-4.342123591194982168e+01 5.401349448190025271e+01 -4.605221432581874552e+01 -2.822500915562515900e+01
-4.384061467082106844e+01 5.528362446409808939e+01 -4.764967164689159063e+01 -2.803190906504300628e+01
-4.477097648188942003e+01 5.717657999035845506e+01 -4.974486412699431526e+01 -2.818882389140655320e+01
-4.639917699477396695e+01 5.983687529375285408e+01 -5.241338385884333917e+01 -2.886674275677238910e+01
-4.900641737280368204e+01 6.344893448935280134e+01 -5.572419253004680684e+01 -3.034108855510063307e+01
-5.300701445508615706e+01 6.822981686995673556e+01 -5.968862495005341628e+01 -3.305413683156304216e+01
-5.897031257621254241e+01 7.438371522501955724e+01 -6.412635892792587811e+01 -3.769280012580155415e+01
-6.752377625796843574e+01 8.195255543397691156e+01 -6.835414229557194687e+01 -4.520987251912750793e+01
-7.884247667910442203e+01 9.044237309150904025e+01 -7.062167794015280720e+01 -5.650134029685537485e+01
-9.129661961227080269e+01 9.819187992588464908e+01 -6.771480621705947556e+01 -7.110801855181615849e+01
-1.000837918094602230e+02 1.021803256296082623e+02 -5.658513826037921035e+01 -8.508196679571146603e+01
-9.987330387140852395e+01 9.988593403227757506e+01 -3.888593018521405753e+01 -9.200589248048825652e+01
-9.102799258925482206e+01 9.205377447932656310e+01 -2.139347933565370141e+01 -8.953332585024233481e+01
-7.884288211670272517e+01 8.186693747754254957e+01 -9.095014324433524422e+00 -8.136016326427946410e+01
-6.752690459380745835e+01 7.195240084624941801e+01 -2.260306550504262546e+00 -7.191688954506514619e+01
-5.848293925219499556e+01 6.341897294817137265e+01 8.355560884829498214e-01 -6.341346841029822912e+01
-5.163424935140631788e+01 5.643402562936208966e+01 1.774141424240841314e+00 -5.640613150130302955e+01
-4.651633263401800633e+01 5.081733560077708489e+01 1.545327953972390089e+00 -5.079383386865651318e+01
-4.268896331615221840e+01 4.632522031769592985e+01 6.894586081607054773e-01 -4.632008942468376489e+01
-3.982827243661122907e+01 4.274962198089144039e+01 -5.190370941476123434e-01 -4.274647096549627179e+01
-3.772304672817435289e+01 3.994441664019097260e+01 -1.952744171246489469e+00 -3.989665663845566002e+01
-3.625581095286510447e+01 3.783093559373167380e+01 -3.565682687783312321e+00 -3.766252241774462561e+01
-3.539199944075717497e+01 3.640322312244232705e+01 -5.357891562030692612e+00 -3.600677230344091839e+01
-3.518420454002333031e+01 3.574136226397298799e+01 -7.351741110692797676e+00 -3.497709077561914626e+01
-3.579516606185918448e+01 3.603517423939698006e+01 -9.559352432283162671e+00 -3.474410113298517189e+01
-3.753476815739986705e+01 3.760730198717871531e+01 -1.189617119277773583e+01 -3.567618636719711844e+01
-4.084192123068482516e+01 4.086923708755075069e+01 -1.391444827531993234e+01 -3.842762898373877078e+01
-4.581681895618811495e+01 4.593669576698702883e+01 -1.408828469863566646e+01 -4.372299454793681406e+01
-5.015177968480397652e+01 5.124273816023455907e+01 -9.035557494173550808e+00 -5.043983460448540512e+01
-4.736892127806613217e+01 5.217664425263662054e+01 2.538959809561645464e+00 -5.211483367095810593e+01
-3.651984813723153422e+01 4.624329804139298972e+01 1.262177375161382820e+01 -4.448745262552321833e+01
-2.561425725053536695e+01 3.739704837371287738e+01 1.566856028188291994e+01 -3.395637562754338035e+01
-1.802082078773104357e+01 2.903976255640770532e+01 1.436298711543591722e+01 -2.523910478710290661e+01
-1.286590749090909824e+01 2.170901794784668937e+01 1.139280972714080242e+01 -1.847932214073599511e+01
-9.032468967499841739e+00 1.492192341197325689e+01 7.629132464488098009e+00 -1.282420118962929223e+01
-5.981262185378318108e+00 8.203561087017629205e+00 2.965078843018010168e+00 -7.648968686242404225e+00
-3.791169588740968432e+00 4.285890211724140642e+00 -3.273611456817461018e+00 -2.766283235091131942e+00
-3.462874931555821156e+00 1.230595795392885883e+01 -1.224604009270190019e+01 1.212890436850149189e+00
-7.646130337522898834e+00 2.512621553491504756e+01 -2.505603299959942021e+01 1.876677231169770588e+00
-2.017001255428394302e+01 4.020605727066710244e+01 -3.980393041125886100e+01 -5.672227522572123704e+00
-3.913791727801516629e+01 5.282740463429612277e+01 -4.755947369841930339e+01 -2.299632887930187763e+01
-5.276102373623385944e+01 5.807416832903031434e+01 -4.226452369793193498e+01 -3.982862116236887573e+01
-5.608539550764058390e+01 5.716825644309468402e+01 -3.127778048079022355e+01 -4.785300401164941775e+01
-5.383733970593546303e+01 5.386453242407905861e+01 -2.175455521852751062e+01 -4.927603048652256490e+01
-5.009328565610438488e+01 5.024851113056662655e+01 -1.510605699465555496e+01 -4.792410576017977064e+01
-4.642834084825568652e+01 4.698852717530052558e+01 -1.068510843533782051e+01 -4.575751461595164926e+01
-4.324660460526143879e+01 4.420116789232687182e+01 -7.729308783460321131e+00 -4.352012211351883764e+01
-4.057257816833769226e+01 4.184326407427968775e+01 -5.710413568650333005e+00 -4.145177831245457156e+01
-3.833395647352554647e+01 3.984058997333210073e+01 -4.297734819666569450e+00 -3.960810630215733852e+01
-3.644758953708790017e+01 3.812402653406926589e+01 -3.286670684448524504e+00 -3.798209045040049148e+01
-3.484179852193214799e+01 3.663713454554687843e+01 -2.548619239137455583e+00 -3.654838119099672156e+01
-3.345960324856464041e+01 3.533567056039121468e+01 -2.000768735347782989e+00 -3.527898153887316113e+01
-3.225686079684312801e+01 3.418531096095993860e+01 -1.588402257918845262e+00 -3.414838888973483932e+01
-3.119954481586351847e+01 3.315937803432405673e+01 -1.274460903556772884e+00 -3.313487741079658377e+01
-3.026132563118139629e+01 3.223698777576104391e+01 -1.033266505508150690e+00 -3.222042428620644472e+01
-2.942166969063704585e+01 3.140163774057502977e+01 -8.466557154903204818e-01 -3.139022183562476442e+01
-2.866441143771187683e+01 3.064015514793301520e+01 -7.015405897298543358e-01 -3.063212281723823693e+01
-2.797669632216342350e+01 2.994191777049103464e+01 -5.883327767391852703e-01 -2.993613709747236840e+01
-2.734820033542354878e+01 2.929827544175694243e+01 -4.999029102612992936e-01 -2.929401032534415705e+01
-2.677055151624600526e+01 2.870211774975351560e+01 -4.308792727099657327e-01 -2.869888336456777012e+01
-2.623689818908792404e+01 2.814754826884930949e+01 -3.771661629171516594e-01 -2.814502121570975390e+01
-2.574158400075458530e+01 2.762963681256934123e+01 -3.356073995810344712e-01 -2.762759848535216989e+01
-2.527990112044221860e+01 2.714422923968044543e+01 -3.037474862735178860e-01 -2.714252969936489635e+01
-2.484790107316782581e+01 2.668780007503150031e+01 -2.796596235304371625e-01 -2.668633476781362290e+01
-2.444224842625523308e+01 2.625733726682316416e+01 -2.618202030027902971e-01 -2.625603188840614166e+01
-2.406010661913986937e+01 2.585025128435249187e+01 -2.490160968667867181e-01 -2.584905186747995387e+01
-2.369904811661561084e+01 2.546430281677154639e+01 -2.402753993712622993e-01 -2.546316919938868040e+01
-2.335698312844960256e+01 2.509754481066878284e+01 -2.348151494401524708e-01 -2.509644630956982780e+01
-2.303210262094472682e+01 2.474827565373347582e+01 -2.320014916098234181e-01 -2.474718818656107189e+01
-2.272283241992607827e+01 2.441500109236557492e+01 -2.313190460300087459e-01 -2.441390525579953064e+01
-2.242779598874630054e+01 2.409640304564282332e+01 -2.323471649423551888e-01 -2.409528282741267091e+01
-2.214578404212930351e+01 2.379131390448218042e+01 -2.347413868349335075e-01 -2.379015581670103074e+01
-2.187572958504827270e+01 2.349869522391652765e+01 -2.382188477222753065e-01 -2.349748771692640759e+01
-2.161668728628352554e+01 2.321761995707857196e+01 -2.425467295358996189e-01 -2.321635302013054414e+01
-2.136781633788078949e+01 2.294725756241227899e+01 -2.475330571961671389e-01 -2.294592244868971420e+01
-2.112836613521342244e+01 2.268686145570656265e+01 -2.530193248861358768e-01 -2.268545048994307223e+01
-2.089766425272255290e+01 2.243575838657238464e+01 -2.588745564323295945e-01 -2.243426482737254801e+01
-2.067510629854416138e+01 2.219333940286547247e+01 -2.649904970613210509e-01 -2.219175734112214116e+01
-2.046014731509396256e+01 2.195905213211914031e+01 -2.712777029460449185e-01 -2.195737641315579580e+01
-2.025229445813333484e+01 2.173239416061539231e+01 -2.776623471158958800e-01 -2.173062032187171866e+01
-2.005110073823997041e+01 2.151290733152348267e+01 -2.840835999380471044e-01 -2.151103155041531423e+01
-1.985615964920910770e+01 2.130017281600336787e+01 -2.904914726990726059e-01 -2.129819186447285873e+01
-1.966710054016601816e+01 2.109380683715368932e+01 -2.968450361646688407e-01 -2.109171804068260769e+01
-1.948358461393117835e+01 2.089345694758312888e+01 -3.031109440854011794e-01 -2.089125814727503183e+01
-1.930530145486307347e+01 2.069879877828207881e+01 -3.092622057144920333e-01 -2.069648829516563637e+01
-1.913196600609079923e+01 2.050953319019907184e+01 -3.152771624515429139e-01 -2.050710979125809885e+01
-1.896331592957761458e+01 2.032538377113053585e+01 -3.211386324296969796e-01 -2.032284663679027403e+01
