P
6.806495309081046496e-01
3.679126150942935713e-01
4.533843592079866425e-01
5.793936854168421080e-01
6.457804332899061972e-01
6.510228754051763378e-01
5.040867622933026260e-01
7.275197375269150113e-01
5.617780251049534490e-01
7.330751902022003552e-01
4.544562664959947984e-01
7.296233066464110628e-01
6.690306506223464567e-01
7.418239556852548322e-01
7.337898081214346835e-01
4.714617059821719081e-01
2.602479418607915873e-01
7.295266901550350180e-01
7.166383689636282028e-01
5.771889159205402242e-01
3.397976281027623724e-01
7.358211185662938414e-01
