x,TFA,AMA,Th,Tz,TFA_r,AMA_r
0.0,18.066389512945445,19.10073775840084,1.0189681254853835,19.073538918471428,18.270572494578303,19.453516653222767
50.0,18.363210854655104,19.3791794103396,1.1375416646508658,19.34576422836052,19.328815498464092,20.33123340868773
100.0,18.678040260602728,19.673470365562512,1.2681325622731732,19.632556533196805,18.460677824818248,19.565143890393387
150.0,19.01272500800864,19.985324129106377,1.4120537769913442,19.93537771591816,18.24703695779281,19.31167046751484
200.0,19.369371625306968,20.31671378012488,1.5707901973621337,20.25589980670785,19.46255956064931,20.23427801269256
250.0,19.75039218330832,20.669921000022747,1.7460256329193011,20.596044004525965,20.572602018831944,21.366664470093852
300.0,20.158560703569684,21.047596091854786,1.939674766532568,20.95802860590513,19.161128549647856,20.033058246261078
350.0,20.59708232116532,21.45283184603061,2.153921099636153,21.34442826853433,21.55415106997795,22.18255705487939
400.0,21.069678643217554,21.889254955507308,2.391262151948084,21.758247811527973,20.08866149518313,20.850995466134087
450.0,21.580693831198843,22.361139817870974,2.6545634562788663,22.20301481355548,22.20009901015265,22.966220223024603
500.0,22.135227416995182,22.873551091130967,2.9471232224224715,22.68289673367219,21.581288111560895,22.600709822148318
550.0,22.739301903539523,23.432523450761515,3.272749932678733,23.202850323799428,23.474539946022876,24.23400949494425
600.0,23.40007603992852,24.045289853241183,3.6358555645833284,23.768813988919838,23.89650511391893,24.499562213273922
650.0,24.12611865283175,24.72057357634277,4.041567578464243,24.38795787785609,23.85533878369985,24.35875324724649
700.0,24.92776359133737,25.46896486795324,4.495863171905111,25.069012461294587,24.578920581890806,25.22596844721461
750.0,25.81757450426077,26.303410927239014,5.005729400281846,25.822705117364265,25.246819478019873,25.720463292597824
800.0,26.810960045796968,27.23985928006979,5.579352195913894,26.662347283612426,26.23286587056737,26.646319074344483
850.0,27.92699759457182,28.29811111232172,6.2263352780422245,27.60463442124733,27.28051241604768,27.85600876262691
900.0,29.189549626368947,29.50296546729549,6.957944787244145,28.67075122319073,28.531165939549567,28.91396903023527
950.0,30.628796120816606,30.885771616296854,7.787363851709426,29.887921516477824,30.70438199914732,31.136922722120556
1000.0,32.283366014344715,32.48656207787169,8.729916309397854,31.29161671870471,32.09438742935909,32.342209649717496
1050.0,34.203341815702174,34.35702336911507,9.803166077958453,32.92875627219898,34.803363883190734,35.08268177286952
1100.0,36.45455039891489,36.5646924925377,11.026687522436829,34.86242819076691,35.957970364303144,36.1279264573553
1150.0,39.12476111399594,39.19897024024529,12.421065757337553,37.178977841618135,39.9221540546361,40.141032992315466
1200.0,42.332708261814645,42.37985393349742,14.005174506383057,39.99883881402477,43.23343577791441,43.398780498881294
1250.0,46.24121552714977,46.27075050666314,15.789648938362227,43.4933252218446,45.89661452858901,46.0680053954037
1300.0,51.07591002823242,51.0973240632638,17.761910957451747,47.91086563156371,50.80538540971898,50.970646793665544
1350.0,57.15012238343672,57.17477734731892,19.852171676084474,53.617594541892316,56.639353951696435,56.80910135445622
1400.0,64.89096958260787,64.94486517466399,21.85591137507265,61.156803795818604,64.87421448636229,65.06191424549374
1450.0,74.83842709469191,75.01568837341905,23.2562971725326,71.31968973544944,73.98510774870755,74.26577696886315
1500.0,87.505274067909,88.1615327246274,22.82489280507255,85.15562295463816,87.08528411114379,87.82309371415832
1550.0,102.72137082115351,105.11198416450644,17.81306877970777,103.59162029647406,102.19496297986556,104.62771814468852
1600.0,117.53095522309236,125.61211394169109,2.9286463752338063,125.57796860639696,118.35052233050295,126.45519884887895
1650.0,122.38515449712328,145.98922483527156,-27.949206954145684,143.28885371388034,121.54774775042446,144.7474664415898
1700.0,104.13929249966075,157.44840553018494,-70.47893383956783,140.79318267883352,104.856856076454,157.11464098132632
1750.0,66.91045715134605,153.4944812037877,-103.01905556203951,113.78765289399963,67.57066038844748,153.90343356476862
1800.0,32.20128347408833,139.00479824206295,-113.31428881870715,80.5121474302309,32.84550448857513,138.4804706783573
1850.0,10.196898311680089,122.51717031675119,-109.38199629032542,55.19090423219265,11.061323799566654,121.46796335230192
1900.0,-1.5274130275764364,108.23807940102199,-100.91878578741614,39.12646812089685,-1.8618627555717069,108.3818478813527
1950.0,-7.306299667259028,96.96741508839088,-92.388032150895,29.44708991071069,-7.5179808985811745,97.18719078692415
2000.0,-9.981423222752305,88.3339936768101,-85.11641087870288,23.623950516849572,-10.853291124101048,88.48560542677545
2050.0,-11.08431100178506,81.77477859729483,-79.27276091269027,20.073459889018434,-11.66548411283273,81.18492372935427
2100.0,-11.40605514983201,76.80544468407655,-74.6959113896434,17.877280408084523,-11.418052867823,76.21902554778802
2150.0,-11.357998877597613,73.05942194349309,-71.1707069804233,16.504835734538233,-11.093012576652322,71.76557582689348
2200.0,-11.159293199936647,70.26990784574127,-68.50666156441953,15.642802496581435,-11.122341516999276,69.92244500289837
2250.0,-10.93073978674953,68.24480415556006,-66.55329073935688,15.100092251154713,-10.691964623125653,67.2659869922346
2300.0,-10.742193420327457,66.84612943701147,-65.19722727663245,14.755560855109035,-11.68358121969203,66.39791316137364
2350.0,-10.637201712995351,65.97509315977867,-64.35549206620517,14.528714958938256,-10.410710439114366,64.27613642088065
2400.0,-10.646354497529627,65.56172999200669,-63.969147638754684,14.362750081930525,-10.284527822288583,64.89797477777435
2450.0,-10.794962985616738,65.55782523001137,-63.99830840140808,14.214252377349125,-10.008856988082401,64.94649049351723
2500.0,-11.107912025630533,65.93214167294592,-64.41850113179339,14.046494847987606,-11.584383748766227,65.45416412841587
2550.0,-11.61320235558133,66.66725142668636,-65.21811989185879,13.824588621732854,-10.683736351574572,65.30955482612215
2600.0,-12.34506682743464,67.75749327494523,-66.39668280129335,13.511417686115818,-11.618256227694822,66.89084210253694
2650.0,-13.347255068027295,69.20771217009147,-67.963592444871,13.063595439453113,-14.037779232183794,68.71243269856139
2700.0,-14.676968411551291,71.03249691038697,-69.93704828926884,12.426781317324894,-15.24013250624499,70.84529686667877
2750.0,-16.409900240410565,73.25560564062336,-72.34259299175238,11.52965728043055,-16.216228308703677,72.08908695914837
2800.0,-18.646814593659567,75.9091164744287,-75.21039326840472,10.275733956282203,-19.538649021852144,75.99740692841107
2850.0,-21.52193182017037,79.03146781943656,-78.56957173692531,8.532016336762588,-22.018136066087266,77.70393018867868
2900.0,-25.21273191574934,82.66276935832434,-82.43637969274123,6.113652029820581,-26.012731710086502,81.4401795237077
2950.0,-29.948767084332914,86.83422834083626,-86.79020373806699,2.7647326549436406,-30.83153278337045,86.36477688025091
3000.0,-36.01170166052596,91.545759004797,-91.52684890169468,-1.8606240594808967,-35.059831150045426,90.94444137176524
3050.0,-43.706164530805594,96.72161920090626,-96.37328783524792,-8.201281160256096,-43.89489661168769,95.48451463667095
3100.0,-53.256432070992524,102.13044290225537,-100.75033270888737,-16.733135583606018,-52.6285758523112,101.23128686301659
3150.0,-64.5549898594426,107.26466370541432,-103.60922155959331,-27.763956628166863,-65.02859304086371,107.78978215225818
3200.0,-76.72357713069448,111.22701709445057,-103.4064743068512,-40.9701159768401,-76.30217531962347,109.87011839423964
3250.0,-87.72986159576608,112.80300191922508,-98.6092260829938,-54.77899025449192,-88.07757259858799,112.8089564990294
3300.0,-94.84493578110242,110.98989195003564,-88.97904800203403,-66.3436894642762,-95.02025769607941,110.77091711606168
3350.0,-96.44553886172415,105.88009814842468,-76.63819121976411,-73.05602528527622,-96.75432294781723,105.97266519258905
3400.0,-93.57728352923252,99.02601710836537,-65.09090352466878,-74.6279193243958,-93.50435603932527,98.7385478728479
3450.0,-89.17068629776277,92.67915544075916,-56.82361771036469,-73.21545139872269,-90.02591228745248,92.99866050743977
3500.0,-85.98819557191362,88.63958474085018,-52.16249684016178,-71.66623965599473,-86.92829660826109,89.25052484227325
3550.0,-85.50482656465906,87.62871375715525,-49.810280080628424,-72.09526664783756,-85.87658998742795,87.94950159354201
3600.0,-87.80431514984697,89.23880088275953,-47.667960286763744,-75.44089835820034,-86.9945453919013,88.26802668506187
3650.0,-91.63343430446142,92.1539398845772,-43.39500818084657,-81.29712111283236,-90.81769560002779,91.22886234674395
3700.0,-94.50639109269794,94.50673675943243,-35.16572142937418,-87.72055249066956,-94.02914432376996,93.94810411362131
3750.0,-93.57278073455649,94.48994655508857,-22.875956786111693,-91.67900850850997,-93.06942659307569,94.15141477226332
3800.0,-87.4273231842992,91.18358304468649,-8.735018309927671,-90.76422903320706,-87.98117485520798,91.78809175708948
3850.0,-77.15830654423917,84.9600720889763,4.070505941720788,-84.86250544700209,-76.7287293215706,84.55832804529928
3900.0,-65.25462198729457,77.00565578432806,13.464484784217017,-75.81938190377183,-65.62376200940272,77.93418513709331
3950.0,-53.84370945803007,68.51750958161311,19.11771330149446,-65.7963688769244,-54.00206979940499,69.65458206453103
4000.0,-43.99923000771184,60.283265146517365,21.725446815904146,-56.23234849599148,-43.02953233294797,60.48821088403136
4050.0,-35.978014862507294,52.679404145229846,22.20033275319345,-47.77305565634193,-36.287218815031274,53.38466851206886
4100.0,-29.63908918769043,45.81907284842997,21.29424161889248,-40.57021950354668,-28.897067056839,45.60028872034535
4150.0,-24.718886477481078,39.684861949027535,19.52565341038976,-34.549053920631586,-24.762317403882257,39.36820706968423
4200.0,-20.95772381632152,34.211420875170134,17.220724769791666,-29.561257698229113,-20.454272655731433,34.07577419125521
4250.0,-18.14312457163569,29.33125643865069,14.571979048481687,-25.455451889143482,-18.06039539437174,29.85046735959654
4300.0,-16.117539561570357,25.002995665403557,11.685176294589722,-22.104444060155586,-16.345998858515273,25.134956482463288
4350.0,-14.774189416316705,21.237647486213405,8.611077956617091,-19.413577907581328,-15.68498788603168,22.613205907565828
4400.0,-14.050957694472187,18.13435172080381,5.365735360076533,-17.322343847743134,-14.517377403026199,18.965662254972766
4450.0,-13.925983911685753,15.92393954390857,1.9435209662164568,-15.804890915534092,-13.432718754053411,16.23301556786131
4500.0,-14.416095003331137,14.965953504562346,-1.6735961502910133,-14.87208257865902,-14.86598467149554,15.316165400451617
4550.0,-15.578242391288164,15.582264547823085,-5.507467704704196,-14.576514258216351,-16.416812504531016,16.326225414355324
4600.0,-17.51346877241763,17.812164342085477,-9.572454628185524,-15.021361820447268,-16.619768289449883,16.888155250252822
4650.0,-20.37165940736589,21.44952514391865,-13.85645831032195,-16.373169882277168,-20.358542087765656,21.06670491701573
4700.0,-24.352021408570533,26.2812985837348,-18.286349613899123,-18.876336324765788,-24.828186804870487,26.383765499537397
4750.0,-29.686237689028438,32.19184716830118,-22.665581865849,-22.86014922938513,-29.915966227092863,32.139335546071976
4800.0,-36.574590570433436,39.11961281975356,-26.57002833660648,-28.711978360248107,-35.58944581740244,38.21964283597555
4850.0,-45.019892721622476,46.945936745530176,-29.204664876357285,-36.756067885112316,-45.802542452900546,47.15959332052778
4900.0,-54.498372820888044,55.33435605149661,-29.299899438179747,-46.94046071936612,-53.71485257642573,54.43409837552821
4950.0,-63.53293795224434,63.553630293774795,-25.303416563585767,-58.29923699095437,-63.02266283686492,62.92849607139692
5000.0,-69.63760470523484,70.44405181936186,-16.231982430669994,-68.54842947215758,-70.60412193159505,71.40370628771255
5050.0,-70.38432104250859,74.77894597329946,-2.9481431534158236,-74.72080843262208,-69.73717208778497,74.06291285972287
5100.0,-65.22704275083488,75.94800583687973,11.63681467416135,-75.05121008243601,-65.26946071407153,76.14565334837533
5150.0,-55.996558626687104,74.31079982385823,24.31774961734301,-70.21924254796362,-55.71938083159293,74.77305747208825
5200.0,-45.3723558106577,70.8323677740519,33.4353164162225,-62.44440680017409,-45.47027639282041,71.35334698254506
5250.0,-35.306674539407545,66.48435741757851,39.00659425168409,-53.83916219735232,-34.89898225861932,66.66197154618399
5300.0,-26.668749690955305,61.93846514001316,41.84211801932297,-45.66848610976361,-25.958367435305625,63.114915461471284
5350.0,-19.60766313824379,57.5595240515252,42.831151674534404,-38.452454476549796,-19.281379010163384,59.055031280673674
5400.0,-13.953667761128994,53.50516690126514,42.665280747100894,-32.28740782260631,-14.357937242064276,54.35444678408197
5450.0,-9.450822865138242,49.8184167561094,41.81171440481357,-27.08606997361757,-9.648088164652162,50.43531357466527
5500.0,-5.855666473484943,46.48691309615872,40.56503049791029,-22.704875906144558,-4.980640573376466,47.6627126464065
5550.0,-2.9673461932649072,43.475174857367,39.103890633493,-18.999383311109185,-3.489666084614044,44.042553121671155
5600.0,-0.6298683392226181,40.74056061742282,37.53352244066176,-15.843862301163952,0.07526033578132285,42.37164682450539
5650.0,1.2745813093085037,38.24049620485765,35.913737148834365,-13.135411451422705,0.4140584711534261,39.28841174107848
5700.0,2.8337562403966214,35.93531992859868,34.27643553813301,-10.792274328006757,2.524539407457365,36.516335110306585
5750.0,4.1124286702859685,33.78902864432206,32.63628217147696,-8.750516713346254,3.18862547393664,34.283836746181194
5800.0,5.15789005061673,31.769065292289408,30.99713352622694,-6.960691251808691,5.608247247261459,32.62375355215551
5850.0,6.003984258314098,29.8456958111622,29.35586754245043,-5.385034752211968,5.6691129809948775,30.794722779620177
5900.0,6.6739418717774806,27.9912246640376,27.704622521895317,-3.9953158963863737,5.923990075077187,28.460085754838452
5950.0,7.182269322786912,26.179149481817298,26.032052117581557,-2.7713047719174906,7.836542764809751,27.09778951644477
6000.0,7.535883267252531,24.3832812091602,24.323960651008765,-1.6998060986954149,6.6924400185561215,25.220736050682397
6050.0,7.734610014242959,22.576818861769887,22.563540037760877,-0.7742163015139871,6.9413215471967815,22.771576105530638
6100.0,7.7711029778032925,20.731350096929738,20.73134939476713,0.005395698048352493,7.011210577171272,21.27345985247211
6150.0,7.6301672369759075,18.81574603253668,18.805141374091388,0.6316301618480447,7.126745286352677,19.417571296427358
6200.0,7.2874152805216434,16.794943292024307,16.75963939887503,1.088396711676426,8.241195592977043,18.63011721255879
6250.0,6.7071081402457695,14.628713392017382,14.566414711411914,1.3486355923492357,6.077997944003448,14.940210198737221
6300.0,5.838962540240256,12.270931907554894,12.19412731831768,1.3707767230687984,6.7872239793150255,14.021341762450671
6350.0,4.6136437488989035,9.671645098816686,9.609637388663364,1.093429547738649,4.1531927685890135,10.432509400327342
6400.0,2.9366734516001096,6.794445774843163,6.7809764295495905,0.4276120311415381,3.170511858774312,7.216004113906356
6450.0,0.6807280729865071,3.7605265782446033,3.6841028541373135,-0.7542852947137185,-0.29347431475781804,3.562037680572335
6500.0,-2.3227813639982817,2.6523513307085405,0.31712032278653624,-2.633325327867244,-1.8852225121949555,2.4972782227958845
6550.0,-6.2893202188569175,6.366317202813405,-3.2712813420890474,-5.461566909572563,-7.250490143571154,7.1483218871535765
6600.0,-11.473840721872289,11.819161358435617,-6.927777406735566,-9.575932091418672,-11.271889121801493,11.334723932806055
6650.0,-18.125438741745786,18.516443018111307,-10.29941089618702,-15.387683296535153,-18.175851041316925,18.291131671785813
6700.0,-26.353277611095084,26.5280419197704,-12.690775974131306,-23.295519167245608,-25.728726074181374,25.734455117264428
6750.0,-35.832964718614065,35.837018665539134,-12.923490980124335,-33.42566809685102,-35.95528758157119,35.859158957708885
6800.0,-45.35916459646903,46.09042997235546,-9.409659200196586,-45.119685823072395,-45.50611341865171,46.28487303181304
6850.0,-52.601540535126865,56.40112934586737,-0.8357169038335286,-56.39493743897504,-52.37437901450304,56.189742922503264
6900.0,-54.86875328014242,65.44168788434762,12.514363975780489,-64.23398794590025,-54.27990244535077,65.60756170673203
6950.0,-50.9736180864474,72.02935252093422,28.09047877013568,-66.32610818561247,-49.992380879549344,71.40462098654253
7000.0,-42.27590089649336,75.78480222833593,42.48063379905732,-62.75931803978101,-41.42967070625537,75.95414451081305
7050.0,-31.474176989505892,77.17472443435342,53.54356325604909,-55.57899716047294,-31.388365236714364,78.63895440692009
7100.0,-20.796030044612216,77.01830467937191,60.967366636186334,-47.06165595400775,-21.712975306070447,78.4517045734663
7150.0,-11.352123624955912,76.04814171482691,65.4680029296045,-38.69444986929904,-10.82611912559999,77.25007628117665
7200.0,-3.4187190790121282,74.76130775112354,67.9642902611141,-31.14656298793232,-4.30578531174203,74.87663781239287
7250.0,3.1288983298771713,73.4468665710923,69.20903285160536,-24.58763878165709,3.726591815779226,74.74612672546745
7300.0,8.542021178389897,72.2562613111763,69.7249427708662,-18.957838860704157,9.14833140140864,73.30759039097798
7350.0,13.075329337331116,71.26145947526642,69.84884823574572,-14.118569569357913,12.492563520669039,71.59927590578394
7400.0,16.945914997974807,70.49218255862544,69.79062802443609,-9.920485967601268,17.725651300441008,71.04132912780237
7450.0,20.32718272468686,69.95733824734418,69.67949200877365,-6.22876938508541,21.310885787659217,70.35618953299233
7500.0,23.354668191032697,69.65675151102064,69.59512514112677,-2.929434699559081,23.428654281649376,70.21200982708298
7550.0,26.1344496963609,69.58743731244404,69.58740029442548,0.07177727164784642,26.34319991829166,70.83648619294064
7600.0,28.75094522075032,69.74694214005329,69.68857150021873,2.8528827783224138,29.581601702345942,69.80242330029441
7650.0,31.273313439197008,70.13517129697021,69.92079159068693,5.4795215290279575,31.136040619200774,70.71153097277302
7700.0,33.76053016527652,70.75548203294167,70.30079313431085,8.008540591191585,33.32764851952804,71.80363049224042
7750.0,36.26545544636433,71.61547768924123,70.84286726299756,10.49117737032003,35.65238425131204,72.05609963089346
7800.0,38.83823993106533,72.72775949994895,71.56082711562814,12.975940212932413,39.403817184482996,73.51195780405469
7850.0,41.52939834887706,74.1108076612757,72.46936648346622,15.51137433278133,41.513641830466256,74.78731271743084
7900.0,44.39286222722065,75.79013294886873,73.58505098112518,18.14895381316523,44.39334466183341,76.53519376981751
7950.0,47.489337279990814,77.79984572607152,74.92705910005259,20.946403262081887,47.74520065612938,78.2863877767689
8000.0,50.890347503498134,80.18482336854737,76.51768412540402,23.971856722624487,50.62550905641702,81.01814703300181
8050.0,54.68346339835036,83.00371912600465,78.3824713733072,27.309441044469327,54.91752918293722,83.76407463636912
8100.0,58.97940663039219,86.33314625062195,80.54962863473817,31.067176703669862,58.39354057464187,86.49249139687636
8150.0,63.922019517847595,90.2734840655436,83.0478707657271,35.38860108299065,63.21126213436021,90.766947022125
8200.0,69.70247760287714,94.9568444929109,85.90083027760873,40.47035549224051,70.64060094479896,96.29138788994824
8250.0,76.57944906871326,100.55763950044926,89.11385774179634,46.589260782686736,76.29075732697045,101.4313469638982
8300.0,84.90640927975531,107.30532301552584,92.64371023465269,54.14402369074589,85.5533450812717,108.98420837535019
8350.0,95.16304928301471,115.49535091487762,96.32911804970759,63.71716486721785,94.96361421197544,116.00694910056005
8400.0,107.96893813543072,125.48214002535784,99.731115733062,76.15426462111044,108.72867613659695,126.98618441283884
8450.0,123.9874740068978,137.59809190578608,101.770282832568,92.6069350982542,124.2933304884767,138.57506021481504
8500.0,143.39772246144696,151.82555666430602,99.96639209402159,114.27038158740321,144.35401595285367,152.74038187306368
8550.0,164.06237180853867,166.79139867371674,89.31927589368117,140.8596380279432,163.20163436169028,166.23589540489544
8600.0,177.6729118107781,177.71076189559588,63.15690315920058,166.10936300176624,178.64691339278568,178.89976913153893
8650.0,170.61404870840624,176.18076631567772,23.174955300129124,174.64988939709198,169.63947157567145,175.21972926535489
8700.0,144.04108702126626,159.78907414292675,-10.17607136499631,159.4647164329095,143.94610457942449,159.615921430661
8750.0,120.30379430354462,140.5670110453687,-22.34471978711693,138.77967463524342,120.92672066437751,141.15683721121877
8800.0,112.04316115963726,132.1080176447068,-22.923201697019216,130.10401665579712,112.83718338802136,132.28446338376563
8850.0,114.42465768452958,137.5055250762745,-27.837821701238962,134.65817876917828,114.583415778039,137.76152609649634
8900.0,113.29269954952619,149.55077515387242,-48.07403239115406,141.61328242357203,113.92768929669693,150.34044767986634
8950.0,92.89910577625368,155.23553598194462,-80.5129807905843,132.72426890292758,93.20156146294677,155.23605058474962
9000.0,56.05193883184986,146.21076840686166,-104.20936977765352,102.55728179251444,55.10096825412902,145.0668323988145
9050.0,22.797861962549128,127.11947259342337,-107.41195330146392,67.98553228734956,23.446762662548746,125.90173953465256
9100.0,2.4345645281174906,106.46147786716669,-97.77154623409679,42.12803124589484,2.2300591042076205,105.50595312021326
9150.0,-7.64865103825552,88.34966351980577,-84.47406600053182,25.88040218776925,-8.434320885095959,88.06050356324646
9200.0,-11.783063044667008,73.50071588324968,-71.6812794619734,16.25267393522257,-11.92184461030164,72.85917314819902
9250.0,-12.797640175797888,61.481560755136115,-60.55016194421797,10.661153850145439,-12.010906514867635,61.73298908212675
9300.0,-12.21646483579408,51.68269108393935,-51.13778882183555,7.485126057138567,-12.592768997508946,50.82418159649679
9350.0,-10.82286799732517,43.58432322919448,-43.19925536593773,5.780792953860403,-11.454262425530324,42.463558737967155
9400.0,-9.017380296756137,36.79355526549993,-36.45196543789409,5.001992082158134,-8.674643129878127,36.392642980092454
9450.0,-7.00464781949245,31.026538645753423,-30.648585292826336,4.828076209504132,-6.64507367526998,29.732344982779285
9500.0,-4.887164135368133,26.085825509059287,-25.58886045684161,5.067594400637813,-5.304233229346403,25.421402756687154
9550.0,-2.7124477629762858,21.845537171157755,-21.11419028724689,5.605217463253672,-3.1324400484121298,19.985710377263246
9600.0,-0.4971335112298324,18.24766183188916,-17.098886987650122,6.372223011991481,-1.086079113347679,16.60836802915318
9650.0,1.760633201307766,15.3107191249415,-13.442134952487164,7.329879128742314,1.113003460260134,14.467864141696415
9700.0,4.0749588453017465,13.145608572978336,-10.06150157738109,8.46009519818302,4.148687433103195,11.960227379568385
9750.0,6.469403021656093,11.9460603131836,-6.887918644761795,9.76037569714215,5.588616971710524,10.814354300271567
9800.0,8.976301497166244,11.88638377847389,-3.8618484522362246,11.241541080346945,9.061653405050302,11.78090660807574
9850.0,11.637633444953694,12.960923389332851,-0.930374532396856,12.927487703866625,12.275014463571134,13.6395777094174
9900.0,14.507295280248783,14.984844482165705,1.9549385455724841,14.856775539723516,13.839276012712126,14.339670828841651
9950.0,17.65496756997403,17.75837082403389,4.8394107858860025,17.086247029975553,17.611178766491033,17.791673628867663
10000.0,21.17207409464036,21.17282772825481,7.765565671072035,19.697325296055386,21.443759307731323,21.59003093492003
10050.0,25.18069835833335,25.22206227747768,10.771619130338982,22.80624140098228,25.72817096757168,25.958914453829397
10100.0,29.846757980199488,29.98905518416455,13.886274291877632,26.580346444875484,29.96951326938632,30.37591056467114
10150.0,35.39908826463636,35.64239897933125,17.115537632034904,31.264020479909984,35.17039289346344,35.76531730963004
10200.0,42.15555692613221,42.44901151056551,20.41165640167616,37.219388242743,42.450714801955584,42.87935136113574
10250.0,50.55275648407054,50.80236648378353,23.600978811519926,44.98748981095565,51.37553462461514,51.76969130798786
10300.0,61.155553435379076,61.259477751400354,26.216331616607274,55.36630356943107,61.86732945619865,62.114488781505386
10350.0,74.54647884840193,74.5516315815989,27.11292027289152,69.44663653305521,73.91472737139854,74.08599525139323
10400.0,90.74284386544953,91.42462013825087,23.65996805200696,88.31006216282198,90.5791071510347,91.3760889125884
10450.0,107.19380070384436,111.84165080410436,10.572033848665255,111.34085932347521,107.46010951527607,112.32319726384395
10500.0,114.66527002148511,132.71356797089368,-18.99905001709876,131.34659196953987,115.41990685341948,133.23620614280551
10550.0,98.66203064392572,145.6888901616353,-62.43127334551461,131.63429957646557,97.99690425334495,144.98764717561997
10600.0,60.95014645896429,143.43655399252987,-97.55572093010642,105.15192026329876,60.41183663991035,143.53820178337358
10650.0,24.244433245292722,129.8479529133603,-109.19360817458836,70.26554496767749,23.802578338661384,129.7531795596094
10700.0,0.8320456195658819,113.57529488826492,-104.9906640534884,43.31637185365228,0.14758876735883608,113.70633138489694
10750.0,-11.462021357428398,99.18624397749385,-95.6415145233872,26.27949189074345,-10.688275050705068,99.09707136858157
10800.0,-17.342418812991344,87.66749116387359,-86.17415752225935,16.112218416366222,-16.543104749699616,86.8117467152672
10850.0,-19.928355026502643,78.73029218294155,-78.08554395519128,10.055184356004613,-19.36076034564625,78.10181540752131
10900.0,-20.89657916502068,71.8572104524753,-71.57343166834545,6.379856834444758,-20.523220360402192,71.67942035368027
10950.0,-21.113299123706764,66.59646451397136,-66.4710828120566,4.084634078269465,-21.772587770496212,66.00162307493015
11000.0,-21.03550031341925,62.6085252348752,-62.55508049400653,2.5863751611800296,-20.038082446126715,60.509550730828494
11050.0,-20.91876849016096,59.651133119722346,-59.63148100339336,1.5310636200941734,-20.862529556824352,58.29727872098582
11100.0,-20.921589282654608,57.55595997675229,-57.55185023618087,0.6877959273803484,-21.628108943671158,57.635690264709986
11150.0,-21.159366665783228,56.20928962358189,-56.20917976862232,-0.11112932289482268,-21.909398747224323,54.81752092317252
11200.0,-21.734670740958066,55.53805318701697,-55.528933049645175,-1.0064522700799643,-20.92115989463639,54.93475701470814
11250.0,-22.75651113396177,55.499973542857425,-55.45882122211242,-2.136869652470249,-22.383277907348084,55.08717146214054
11300.0,-24.354686882717328,56.076071409016,-55.95653745237318,-3.6594673123587285,-24.445715750693942,55.19629426328388
11350.0,-26.691345531760536,57.263461151681746,-56.972088474858076,-5.769325600372285,-26.9604300846802,56.69781229764069
11400.0,-29.968041715100625,59.06550590009883,-58.41843114681907,-8.718995904286874,-30.607386346536583,59.58320318285742
11450.0,-34.420006644502934,61.47454597949685,-60.12015044192373,-12.833055529597413,-35.032854457302385,61.43496738134979
11500.0,-40.27623600065132,64.43939262656325,-61.726659484537585,-18.500130566034503,-39.36972053487648,63.21064392557148
11550.0,-47.641760389012354,67.80716190096493,-62.583647810909106,-26.097858757832263,-47.254796549873134,67.47491416510317
11600.0,-56.240599094682025,71.23472675231866,-61.603971981686705,-35.7678197764004,-57.15141891921585,71.00679509553217
11650.0,-65.01759185819607,74.10023464359575,-57.31420983829521,-46.96728781660502,-65.95667602606396,74.61256448201112
11700.0,-71.8843778286927,75.52907916603493,-48.41979612508069,-57.966931459883185,-72.54091427137192,75.55485212377852
11750.0,-74.30240728233292,74.70033514859712,-34.97362843966588,-66.00746461633663,-73.45477033825813,73.75729918794731
11800.0,-70.91677376222566,71.36967763125578,-19.12284594476262,-68.76007306687687,-70.54494124733834,70.98774505677883
11850.0,-62.70147146641746,66.1117968702063,-4.055195813555892,-65.98730993396488,-63.304420274726155,66.80725000170159
11900.0,-52.10158046521665,59.9564011592076,7.9901751730729735,-59.42160499908629,-51.51412619800903,59.844982641414816
11950.0,-41.33496200538896,53.828544347173136,16.48579303944204,-51.24188535169514,-41.09742547590325,53.95420870190314
12000.0,-31.61288985189097,48.28792209344887,22.001066220842414,-42.984607771260336,-31.510652301443052,48.89760450556282
12050.0,-23.30487550722763,43.56887191934639,25.401408018618532,-35.39795292098221,-22.76790202039041,44.29887168435727
12100.0,-16.339983692784678,39.71241049486785,27.43838543545328,-28.709067417949964,-16.556624715574642,39.70987596139526
12150.0,-10.488874685670348,36.671901800285,28.65193731185123,-22.888749855059647,-11.146777136058304,38.750849831231264
12200.0,-5.49986585232319,34.372768775383264,29.39897758389477,-17.80975435843,-5.182491217946846,34.781908488407275
12250.0,-1.1483411030286028,32.740231279025984,29.907359722396713,-13.321883449395369,-1.4764259677584928,32.1681210701608
12300.0,2.7531395522363744,31.710198688215193,30.321505183647787,-9.28132664246362,3.5627095886335174,32.735125684378794
12350.0,6.3594800158907905,31.232808511357106,30.73420493844209,-5.5585046828209865,5.905720833641696,31.518779684761373
12400.0,9.802006309345208,31.273553124818324,31.20716180325709,-2.0367074498233406,8.971802517092913,32.2814185209086
12450.0,13.198060201104811,31.814308585312506,31.78379395960433,1.3930801466206408,13.561299322446391,33.602489947272126
12500.0,16.660426985626312,32.8552834332239,32.49694591094752,4.8392309242717815,17.524561348534263,34.12799985401351
12550.0,20.306993281533348,34.41841477713087,33.37305907824878,8.418206669495412,21.232565215087714,35.899790588916815
12600.0,24.271601988510128,36.55273874007913,34.433307995366356,12.265806532663106,23.754772047502517,36.14734758537244
12650.0,28.71746767531029,39.3425713070252,35.69098281098551,16.55269352807267,28.64937954137763,40.1190765192125
12700.0,33.85482613156068,42.919841056665135,37.142389818901094,21.507106613168357,32.99290482442041,42.53120397411753
12750.0,39.96430709412884,47.48246311532846,38.74440881213901,27.449136403471268,39.046976106730696,46.9864928417099
12800.0,47.42495311665312,53.32065125016651,40.36247887448526,34.841959601156404,48.24239734607462,54.654745850340454
12850.0,56.73386752366726,60.85012160551486,41.65104312737722,44.361333453891014,56.82031356405228,61.29251187845822
12900.0,68.45880841967669,70.6360899415978,41.78048454602854,56.954791838233966,68.20324757486547,70.97732583326902
12950.0,82.90915769717171,83.33326176079795,38.8435750082328,73.72658405401317,83.47791109028806,84.04973405617501
13000.0,98.88174736502613,99.27902473469406,28.815131127644342,95.00533127340096,99.6319308520133,100.23597003457294
13050.0,110.42148382330215,117.11423869872152,5.182570451526356,116.99951226178715,110.2780528298163,117.01852458339792
13100.0,104.33933069256136,131.4353490668744,-35.02215515656273,126.68346234817228,103.89751394479408,130.64668214772314
13150.0,73.14152904327327,134.52268658529786,-77.28082549398658,110.10916045949249,73.20995033521739,134.6732407809696
13200.0,33.16996324043148,125.83220141927931,-100.11738670791144,76.22500766022002,33.18372489004827,125.68391809683114
13250.0,2.9401978557474564,112.55184904690486,-103.21922657981553,44.87438008643652,2.81712887471631,112.03032866197849
13300.0,-15.316563860571911,100.34064800795548,-97.68164502749413,22.94650011176125,-14.716338161127512,99.68466833049372
13350.0,-26.104615135875235,91.03436387335462,-90.63983636573496,8.466136628895523,-26.42329314030337,89.47330908707502
13400.0,-33.33791370132041,84.67129536020147,-84.65312568537426,-1.7540152994501603,-32.929081661336795,83.65424148278805
13450.0,-39.38970756331288,80.83407593757708,-80.20325823889245,-10.078948385000773,-39.25118454707615,81.13959085568248
13500.0,-45.63058131756937,79.07723178341612,-76.97451160867368,-18.11444586881635,-46.32389228873967,78.25790027756476
13550.0,-52.82491101018315,78.97763595879198,-74.2245636673272,-26.984831480562626,-53.43574211222224,79.32573114983406
13600.0,-61.18438321876089,80.05122126393854,-70.78170696378139,-37.391817087986304,-61.76698705525876,79.25142544711039
13650.0,-70.10963496477012,81.6233063698983,-65.0171905791664,-49.347026981841935,-69.21542557641222,80.47753714934805
13700.0,-77.8378031635931,82.75157788745409,-55.204005975716846,-61.646908820283926,-78.54980094375159,83.11004700470335
13750.0,-81.67629325554094,82.38803493690995,-40.615703281788846,-71.68091062264196,-80.91271152590062,81.31697868851617
13800.0,-79.51316719967106,79.87486638992223,-22.746240568938628,-76.56763559617009,-79.62760096643902,79.95815290618658
13850.0,-71.59018028929566,75.39702220017433,-4.885658327725748,-75.23856258168615,-72.51903247654546,76.71097940425459
13900.0,-60.29890634650217,69.83015511604772,10.06499476130324,-69.1009872866244,-61.285142839098796,70.80032015048555
13950.0,-48.29242275295169,64.14518018198281,21.05413806684925,-60.591479688493244,-48.66314048333826,65.24845229361658
14000.0,-37.20340718456696,58.99715512074248,28.517555050181876,-51.647007331507595,-37.25412622699539,58.896690256813535
14050.0,-27.616749161246304,54.683733143034104,33.415558073236305,-43.28638526272133,-28.485476844199106,55.240733959336545
14100.0,-19.51966016624766,51.270185634146365,36.644680834385916,-35.858043749008644,-19.30432697527564,50.84177516630693
14150.0,-12.66769612078846,48.71130995684522,38.86498547953109,-29.36502377638552,-13.546296474356838,48.600691222601185
14200.0,-6.770797386770793,46.92541412191135,40.51681357561572,-23.67239548908555,-5.985595720337173,47.07147470534906
14250.0,-1.5631374333467356,45.83037718198917,41.88290107194505,-18.607688476569518,-2.3036832834955385,47.09573012869646
14300.0,3.1812078979618583,45.35877134696036,43.14406150707901,-14.000289096272805,2.4763811237652673,45.13223085954775
14350.0,7.6533321850006555,45.46341546372825,44.41836515244614,-9.691799771534914,8.388546906946647,45.62620844277665
14400.0,12.021068960945922,46.11939126700357,45.78620489384864,-5.5336870400735485,11.723352493688154,47.28445381432178
14450.0,16.442162404911187,47.32547982384735,47.305379495118046,-1.3791705406684354,17.374985426661038,49.20080262970084
14500.0,21.078165892903932,49.10653610682318,49.019135772278176,2.9285178076438934,20.39876464406039,49.18559810028046
14550.0,26.109907193327178,51.51777801776253,50.958285904369724,7.571958107119347,26.768281209859296,51.716857844988276
14600.0,31.756137367125554,54.65184623107883,53.13617108052585,12.78169078669069,32.513983336343344,56.39543385997941
14650.0,38.2970820700593,58.64940940857418,55.53132787322339,18.86862073950061,38.70693291172061,59.08251155648686
14700.0,46.10281292629522,63.71332339933834,58.044567377529724,26.27195798839679,45.97366700369791,63.81420716627046
14750.0,55.6572955931087,70.1226640952882,60.39866549575101,35.62568211491529,56.542750925177394,71.75840797197344
14800.0,67.53349121142607,78.22889092196874,61.90742642514573,47.82499271611498,68.4624200869727,79.61508853601717
14850.0,82.15078225998305,88.36844545383366,60.964434794871714,63.971242305187474,81.2774256291073,88.14502306218637
14900.0,98.78217119843777,100.485029603265,54.083869526265936,84.68870191138178,99.35105873797927,101.46173347761707
14950.0,112.74256675236352,112.99968752978836,35.1702685078831,107.3870643742216,113.74046742939062,114.07890939959606
15000.0,112.04733124878858,120.96177480955284,-0.28340544631838105,120.9614428089793,111.47750638282416,120.04328277363335
15050.0,86.47132907772142,117.53862715773896,-41.422042215700735,109.99792403862301,86.15829549342932,116.75807631184523
15100.0,48.56760978595037,102.59573211182078,-65.59757468223371,78.88499504575795,49.45293778354488,102.20108911159176
15150.0,18.82399443320733,83.6452434575947,-68.51351621713128,47.98358936808689,19.493541604444857,82.46108089984155
15200.0,1.9306055424731952,66.44951970458706,-60.861695299863655,26.671946201896446,1.0704273955518648,66.00068805106045
15250.0,-6.1396987326926435,52.545076581271886,-50.68519386435458,13.856269189955881,-5.594982955637461,51.723322025820686
15300.0,-9.364434522322961,41.595184747125884,-41.084291078973756,6.4992630878960975,-9.923305362556967,41.1768528449093
15350.0,-10.086449104293148,32.901701790261804,-32.81552654307818,2.3797475487639295,-9.634622423372443,31.265428898517214
15400.0,-9.524699966843666,25.856484102199968,-25.85590036800281,0.1737420134330928,-9.661711159494068,25.706858772230905
15450.0,-8.297647502720059,20.006905984876386,-19.98781977526033,-0.8736977277037321,-7.775330244063141,19.518803295445622
15500.0,-6.719643926159255,15.029256711769207,-14.981724255816658,-1.1943599252045296,-6.25440323637948,14.131877550944042
15550.0,-4.950340610467719,10.693318974779908,-10.642705044673713,-1.0391823846008903,-4.072206055288539,8.880937326793422
15600.0,-3.0686544426027407,6.8380408996685444,-6.8153950296070525,-0.556052098231145,-3.194785051653993,5.9456755971399735
15650.0,-1.1097914018636863,3.382016465789728,-3.3778515668316116,0.16779203594350067,-1.6084000230248476,2.9981736554301466
15700.0,0.9159365986434974,1.1073407683175298,-0.23387541711150736,1.0823612458181309,0.8834205144930706,1.0442368017714578
15750.0,3.0135233857530137,3.453922005798105,2.6936726972911518,2.161875255884256,3.1519314084161323,3.6924374146401866
15800.0,5.198567615891263,6.437696827355237,5.468133343157934,3.397566508897824,4.6467230494784895,6.709709332999988
15850.0,7.495344291618175,9.449422839924644,8.143054125614611,4.7939818016968285,7.120325987126077,10.086244552042674
15900.0,9.936642710038967,12.50743059986038,10.765204314330239,6.367589518887768,9.02892842214282,12.797912491841812
15950.0,12.564958501918895,15.662542082347656,13.376806349012206,8.147163701702446,13.165836056393998,16.273399409763783
16000.0,15.434992299225446,18.976164483064693,16.01707749827271,10.175856077139256,15.764608042520065,19.317901189801894
16050.0,18.617689668365845,22.52070300885448,18.723001827673965,12.515241370982206,18.91208673750271,23.628804537653853
16100.0,22.206338979886183,26.384102640376906,21.52895733784677,15.2520447181064,22.25455409426491,26.746303183021737
16150.0,26.32557071292825,30.6769741334002,24.46424724031411,18.508845154306343,26.83866182752445,31.684967402465567
16200.0,31.14445235707079,35.542863325168355,27.54636446914134,22.46092023682076,31.181369080930647,36.24615272318324
16250.0,36.89500275704901,41.172872445920994,30.76510633642373,27.362632504140038,36.75007503101788,41.38052837496292
16300.0,43.89630543322712,47.82589403609561,34.04643787201972,33.58803668835895,44.87425365031533,48.9455368668581
16350.0,52.57807612256397,55.853883035809325,37.17054981749442,41.68940484635197,52.78782746807161,56.6961792140792
16400.0,63.47233014675494,65.72247322674632,39.58575481372511,52.46343014775172,64.26919289036708,66.77824656582614
16450.0,77.0526807197051,77.98225210106915,39.995130395042096,66.94491158735131,77.79950594623678,79.08728749644663
16500.0,93.0271802315364,93.03015049598544,35.537861011622205,85.97481803426123,94.00868452058464,94.1977381843192
16550.0,108.15134132605465,110.21527106692386,20.8305193192872,108.22890298457389,107.92070531212408,110.314241603645
16600.0,112.51200816254769,125.77549541261531,-9.977174485569359,125.37914992363493,112.93855883876076,125.90015527191365
16650.0,93.31892477090383,131.97705211635216,-51.57137455668602,121.48389033800458,94.2341077095331,133.01149879906174
16700.0,55.947634983329365,124.26053081196936,-81.91536632525894,93.43742439446316,55.48014831727357,124.3006598792798
16750.0,22.100653887712998,107.99397677328496,-89.73204604990303,60.090422955799674,23.075109659739326,107.58674113662953
16800.0,1.3069805905973269,90.7215869553911,-83.6172577059638,35.19318902059072,1.3425658861586207,90.11816025413886
16850.0,-9.185980579610344,75.81293250517818,-73.21575521818886,19.673686051804204,-9.946025420881654,75.32282613358795
16900.0,-13.765892686189694,63.73542425660643,-62.856425827970924,10.548650970735725,-14.072430016125633,63.962185643253974
16950.0,-15.258921934321387,54.04029460894984,-53.782494433405674,5.272260799958572,-15.826501257594495,53.67678547466408
17000.0,-15.174158994081097,46.17112982998909,-46.115490125728904,2.2660097620066884,-14.723973479944592,45.56401693858938
17050.0,-14.28307196263042,39.669061018353794,-39.66420640569333,0.6205902709779154,-13.379745230426426,39.162540599250896
17100.0,-12.979904912454874,34.191673308337755,-34.19117201502806,-0.1851482186216061,-12.442469644127948,33.322919331745446
17150.0,-11.467815048727884,29.490319121338445,-29.486808973167,-0.4549928113029505,-12.372203153536804,29.630846317818083
17200.0,-9.851493739785765,25.385178390596362,-25.38248193946321,-0.3699898852993145,-9.335195011328182,24.713653035429548
17250.0,-8.18356622598234,21.74632290814712,-21.74628576862566,-0.04019072869421793,-8.43663882357766,20.68276682605121
17300.0,-6.488312815814898,18.481298587144266,-18.475405530302666,0.4666775739655789,-6.762659558595539,17.386537427661214
17350.0,-4.774060089484316,15.528682564475416,-15.489032662513678,1.108985738333582,-5.248350379948488,14.440497138755374
17400.0,-3.03975271213987,12.858199708582271,-12.722692952143294,1.8618227067227442,-3.966245673303129,11.953706455802676
17450.0,-1.2784365863023524,10.480742143330227,-10.12392074575667,2.7114912149250965,-1.0459773092534357,10.282895778020077
17500.0,0.5209635360437765,8.476221534138856,-7.649001426906754,3.6522744512122425,-0.4640341847910032,8.704538355254183
17550.0,2.372861094647032,7.044029106767392,-5.26050512899839,4.6845951633804885,3.1029918610804113,6.588004802863648
17600.0,4.2948568124353566,6.508570043604927,-2.925387605633772,5.814085600446192,4.7619278120534565,6.370131355124315
17650.0,6.3080479886108165,7.0779525813253175,-0.6134900071001239,7.051314966350462,6.8658381701205125,7.340320167553997
17700.0,8.437741063894956,8.582852601993519,1.703683689451219,8.412063996062134,8.468669463991924,8.641690731075528
17750.0,10.714592336073418,10.714680220189726,4.0539938585923485,9.91814024983618,10.070974049470882,10.366189593622325
17800.0,13.176275703477984,13.279153607595608,6.465542459462847,11.598822407425793,13.09600776873455,13.517169736136461
17850.0,15.869861273685164,16.20119992089549,8.96740082797974,13.493131633063262,15.467380490301947,15.926609735705116
17900.0,18.855203065298237,19.47706331541495,11.59011674963508,15.65328045882112,19.79479081585436,20.611220831540876
17950.0,22.209799947802324,23.14723078871925,14.365793335650064,18.149883609093038,21.288981488072725,22.658991273547002
18000.0,26.035837935290967,27.287276698951725,17.32725089381109,21.079891985208963,25.589658769907235,27.183508604139924
18050.0,30.470464998956327,32.00907571283164,20.505175290758146,24.57882654410234,31.331005100275632,32.77452138209112
18100.0,35.70075678904097,37.46922949476314,23.920801587261128,28.83987535261056,35.707207847957555,38.10213479941364
18150.0,41.98501464455357,43.88428225967061,27.568577423357524,34.14386867797471,42.80746125447301,44.820939609330715
18200.0,49.68073114848852,51.55313942270392,31.37597159523804,40.90567919973417,50.53306630477454,52.734878676237706
18250.0,59.271941675327284,60.884633103711344,35.110361749041424,49.74134141762758,58.365066504844684,60.42626983511129
18300.0,71.35744777642071,72.41491854074856,38.16337948889142,61.54248039565936,71.82966290523376,72.99263803156292
18350.0,86.44908601271614,86.74894285193355,39.066210542616695,77.45456913422201,86.2794044366843,86.80763739782839
18400.0,104.08701757123173,104.19748157333595,34.54429811756518,98.30466231970115,103.27627615051722,103.56212920112296
18450.0,120.18949618346727,123.52106172679665,18.604118398704927,122.11199559716513,119.77391423225315,122.99959213865172
18500.0,123.31728166467717,139.41368083265445,-14.100165752020425,138.69880940035065,123.75409970890017,139.69539334747162
18550.0,101.82572308734969,142.83376514446977,-54.72668800814797,131.93359725636367,101.13497278891813,142.25619213845263
18600.0,65.88329586576086,130.94361294227008,-80.2415920737721,103.47713115389985,65.38899693197752,130.17386641379386
18650.0,36.86343941140193,111.52833722011108,-83.78603767290844,73.61025671845451,36.069784691316144,111.19588908697665
18700.0,21.22892748787417,92.39284216630232,-75.42071904128028,53.36808430947767,20.65521483355323,92.3611625073342
18750.0,15.560179750799731,76.57819909261694,-63.691923844676026,42.515402070690406,16.321550805341687,76.26584841985596
18800.0,16.024194876976086,64.69896663939848,-52.116066410095215,38.338908515300005,16.3237973882335,65.15742962279796
18850.0,20.466386860383672,57.05540069141254,-41.713385787896435,38.927011112693435,21.076702998260146,56.35407515507781
18900.0,28.013144573710033,54.42353996803924,-32.76878640757853,43.45259877184864,27.452153248823844,54.30115281353107
18950.0,38.528136993167095,57.93264237172561,-25.680788305816694,51.929646293442886,38.33759362850289,56.914361010237286
19000.0,52.11578433344646,68.44328748529472,-21.61342807750991,64.94107581903005,51.466711822435705,67.3410696037295
19050.0,68.16757867044318,86.21960441711083,-23.41191954186232,82.98013141233535,68.89409906927297,86.8442445423781
19100.0,82.90909275575041,110.36601368105335,-36.4846125007039,104.16107731067272,83.14106754436878,109.9197856536874
19150.0,85.8150889273095,136.29992717478322,-66.035877414342,119.23478117549936,86.10735658909556,136.6406678068906
19200.0,65.17999931866238,153.8780487221943,-104.8247948423217,112.6508600269664,65.50551787840138,154.0983378106568
19250.0,28.839774127610774,155.63382311779736,-130.99844608248105,84.03150612857742,28.333627081124156,155.34991207478936
19300.0,-2.5458898359341404,145.7878218333532,-136.1052093916885,52.24424342794293,-2.5596854278800403,143.55970373716727
19350.0,-21.53853702883981,132.36999815628428,-129.16418362674582,28.95565713174192,-21.236839058119365,132.6971015875105
19400.0,-31.200106305145358,119.69048862235692,-118.82612243450994,14.358471152508105,-30.32604220366385,119.27925681485131
19450.0,-35.56360009006628,108.95429913571371,-108.81000629165723,5.605517903289814,-34.77989738764941,108.13366527946914
19500.0,-37.168800942288215,100.15691992040865,-100.15620702789568,0.3778911595201561,-36.35231834754451,99.07983552733845
19550.0,-37.37517186232677,92.9868342480524,-92.94592904329308,-2.757828448961066,-36.62382330448367,91.77188815760023
19600.0,-36.885623782739366,87.11823830587015,-86.99489387697113,-4.634208114976333,-37.082929814334605,86.97234109358395
19650.0,-36.06567644411805,82.28221881774179,-82.08213055923488,-5.734751644793586,-36.298486129683646,82.2849135475477
19700.0,-35.108727504145435,78.27181477470667,-78.01411608471051,-6.346233500849517,-34.96670934695299,78.25394135072143
19750.0,-34.119046120182645,74.93125106151605,-74.63614919001054,-6.643614959526135,-34.31179088259425,74.30544154958287
19800.0,-33.153873205445144,72.14388364924976,-71.82863950369692,-6.736949980847291,-33.516830267529365,71.76489182979554
19850.0,-32.24530735728579,69.82233852516967,-69.5003563743938,-6.6977175930051125,-32.245750339802,69.080257557529
19900.0,-31.412031764016383,67.90115764376003,-67.58217039241407,-6.573998358187955,-31.436854822211036,67.22933600855289
19950.0,-30.665821282057877,66.33150433434515,-66.02207838940274,-6.399502511977805,-30.287401374757323,66.19226960470974
20000.0,-30.015316678200602,65.07741136011319,-64.78147935643364,-6.1991452415112605,-30.422496577064408,63.67015606885753
20050.0,-29.46836007398408,64.11315296650643,-63.8324716657168,-5.992657536695659,-29.50607387057784,63.3359316612024
20100.0,-29.033594226656852,63.42143632142847,-63.15593708022495,-5.7970851806468096,-28.91786743244221,63.06374087773086
20150.0,-28.721731822422324,62.99220077425864,-62.7402198881285,-5.628691390882421,-27.956447344752913,62.158694437675784
20200.0,-28.546754841065287,62.821881496810256,-62.58025358033906,-5.5046032209169615,-27.75186469311481,61.511350458776704
20250.0,-28.52723927071037,62.91304111625123,-62.677018135455114,-5.44445958226787,-28.217305715002052,61.635367756320804
20300.0,-28.687984074254327,63.27430243201388,-63.03722167429829,-5.472296761263626,-29.128332452717327,63.65567318230979
20350.0,-29.06213973387626,63.92052757921317,-63.67308259771447,-5.6189321502914265,-29.476337394176202,64.08096622794625
20400.0,-29.694072345179386,64.87317886810574,-64.60202490166878,-5.92517637352755,-29.871253753276907,64.97132368756638
20450.0,-30.643253398965513,66.16074899795358,-65.84595394925579,-6.4463211588239036,-31.0253050241257,65.56363800918825
20500.0,-31.989504669338807,67.81902980398597,-67.42948005307423,-7.2585138510581215,-32.534646912808924,67.71667618620246
20550.0,-33.8398696823878,69.89072916639435,-69.37586224349633,-8.467807353837516,-33.82214413914955,69.68878911113157
20600.0,-36.3370032623031,72.42340527215411,-71.69829454430086,-10.222729119631293,-36.49449329307117,72.21306483929668
20650.0,-39.667692090267074,75.46360098512697,-74.38201654358781,-12.730698667075838,-39.04481163282781,74.92779480770783
20700.0,-44.066564019635436,79.04298143787224,-77.3490516472434,-16.276274876638404,-43.854361339189126,77.9399221223684
20750.0,-49.8012818909745,83.14867191071508,-80.3922287381062,-21.231843985762296,-48.829264659313104,82.74783483210727
20800.0,-57.10684918965227,87.66515169905131,-83.06243373448406,-28.032319285462776,-56.48359295754776,87.49417241209703
20850.0,-66.00718624945357,92.27383427400669,-84.51040222272339,-37.04662478256776,-66.95177123890196,92.2881951472324
20900.0,-75.95364506644282,96.3179102125632,-83.3697633766062,-48.23507419134013,-75.37114882293109,94.82571289317744
20950.0,-85.35349828984253,98.72376692706749,-77.97167130937056,-60.554113233482504,-85.79016427039764,98.53941053500972
21000.0,-91.52795119527605,98.21096940486052,-67.30342554712306,-71.52372628062184,-91.28564339572095,97.78256623701463
21050.0,-91.94297617079344,93.96247367658104,-52.407708188587186,-77.98960560127277,-92.85482484180248,94.68554380618414
21100.0,-86.20348898660845,86.32225328742594,-36.48936444197738,-78.23079761346598,-86.12887622577256,86.15975191754299
21150.0,-76.425306897744,76.67599945231473,-22.8852705050668,-73.18109923963489,-75.53155550269331,75.75486138185491
21200.0,-65.45116165656071,66.58720914907319,-13.16272958875319,-65.27326383777492,-66.26395890730012,67.59503194789919
21250.0,-55.23077864304521,57.127780411067505,-7.153425387022038,-56.67814217074744,-56.14260200050006,58.19433731829936
21300.0,-46.56752269770863,48.788506013831494,-3.9513747134359534,-48.62823209757568,-47.448439619389745,49.683666211835956
21350.0,-39.55416169109953,41.67972862675367,-2.6337550450137015,-41.5964314907264,-40.42324036425887,42.67288985324424
21400.0,-33.991290604543856,35.735203058528924,-2.5092139148801706,-35.64699963760857,-34.87131142223517,36.496399693923664
21450.0,-29.614572517723502,30.836887831647342,-3.1237670744851465,-30.678261528417202,-29.84968445845787,31.157549874421292
21500.0,-26.185828463965958,26.875699596382113,-4.199682878076807,-26.545543741248967,-26.600407927977532,27.255917466642252
21550.0,-23.518619583053738,23.775923658703903,-5.575822645843261,-23.112869740614595,-23.11439346594001,23.527403520726875
21600.0,-21.478892484871643,21.499914975924654,-7.164811693433168,-20.270959951853108,-20.86811140851287,20.850445591796817
21650.0,-19.978774197764345,20.039152106202877,-8.925406856398205,-17.941703642165514,-20.14653378317863,20.056666862393307
21700.0,-18.970467947793008,19.39430568065401,-10.845260267626019,-16.078539192417356,-18.527761294142536,18.716728645682977
21750.0,-18.442574855742905,19.552509022825838,-12.929842504563196,-14.66696225858909,-18.971556618730343,19.71018236973816
21800.0,-18.419459389263693,20.47679353623712,-15.194206188717846,-13.727169111670866,-17.582625684570118,19.206572277405268
21850.0,-18.963631883642886,22.115774966599393,-17.65459253935944,-13.320017441522285,-18.36220893573258,20.608430395352592
21900.0,-20.180523682637595,24.42427583887856,-20.31626102246626,-13.557093653163465,-20.053236932019512,23.41915130985932
21950.0,-22.223516956865502,27.37896647381057,-23.15199242354832,-14.614823023013473,-22.58585862593717,27.14398568825964
22000.0,-25.292997495003444,30.980334482130647,-26.06206922664319,-16.749617077723062,-25.503345913721088,31.240946560138983
22050.0,-29.613312449161853,35.238066662978525,-28.801657287072672,-20.302361430694038,-28.903734843165378,34.33267293065573
22100.0,-35.351273616446626,40.13438779319026,-30.86069284950632,-25.65904753459506,-34.96726133770892,39.261321173780615
22150.0,-42.41107612373568,45.55467190061096,-31.30575160959853,-33.09347440403368,-41.51780146844629,44.59355112483336
22200.0,-50.045529948575286,51.18248188732371,-28.6942743934148,-42.38260337900019,-49.87806337375618,50.72167378858422
22250.0,-56.40778408871064,56.40842927493186,-21.38087418471432,-52.199320995223744,-57.094973455488216,56.99456467710171
22300.0,-58.65469825789602,60.40776707365377,-8.577126410956105,-59.79574588008153,-58.83212723083541,60.59030720418386
22350.0,-54.338402598371346,62.53886470738615,8.348980187543546,-61.979062018691074,-54.801110991694536,62.88474611388262
22400.0,-43.23697768459829,62.84736299024654,26.092839217324094,-57.17477395151364,-43.67601005799906,63.750942143014115
22450.0,-27.32543092009832,62.14069790404025,41.510102344022286,-46.24259659004874,-28.036289332743554,62.75563795238576
22500.0,-8.901360167895845,61.57598260601861,53.158062366457976,-31.07767750879193,-8.330504018284364,62.456932932591684
22550.0,10.81957652297398,62.257440807633145,60.89879941508021,-12.935422904480946,10.104294494236289,62.13891758806598
22600.0,31.72020389699655,65.09411099309686,64.58606326718997,8.116878564334236,32.63452492974684,65.80065831952783
22650.0,53.83993199377056,70.73344681152662,62.70301527260611,32.734574589604684,52.85645226236685,70.45506206560367
22700.0,75.24229640705374,79.18219803066658,51.05628555901102,60.52335243428296,74.41880484575177,78.40462899773415
22750.0,88.01723062796627,88.61805771922863,23.420164047040988,85.46728069816089,88.54729355497042,89.31451864257723
22800.0,78.37784820495138,94.13270077678081,-18.97627129728512,92.20014361801606,78.1373374850549,93.94284194310758
22850.0,45.60311810085642,91.06073966274636,-55.99635297455512,71.80854239904538,45.507199327141684,90.43606262346458
22900.0,10.907841324542199,81.25156582704021,-70.56704175254802,40.275421383766925,10.047800093848002,80.8640711952408
22950.0,-11.651017653331941,69.88147985840087,-68.25064437671345,15.009022931672654,-11.764030563943756,68.83277224734199
23000.0,-23.06078505644801,59.79851860355966,-59.794262909659565,-0.7134075068143662,-22.383855701381297,59.13348420570265
23050.0,-27.852846606917144,51.57705040107954,-50.682729176400315,-9.563110963863183,-28.065198464827066,51.21429195854235
23100.0,-29.21219332448902,44.97424743291073,-42.64857502570476,-14.275222605392573,-29.64394530268591,44.705050095045735
23150.0,-28.86507997995952,39.614979459508746,-35.969543975216844,-16.599352511234947,-29.85467628887108,39.81948643849253
23200.0,-27.687312010167442,35.1792889210248,-30.49398495854504,-17.54135828084492,-27.858175627423144,34.618264125165055
23250.0,-26.11836256234631,31.426687680839404,-25.989094742967072,-17.669285583466703,-25.574862290046372,29.755295080734445
23300.0,-24.378679732555128,28.181973069187322,-22.24161288931981,-17.3070581600121,-25.15087714566319,28.666753519231307
23350.0,-22.577515349844013,25.31726110706846,-19.078677760208734,-16.64234853876092,-22.574761437038322,25.470437014339925
23400.0,-20.766422602972128,22.73768762447512,-16.365488518145554,-15.785221698495565,-20.060875469112858,22.068303845141
23450.0,-18.966244429361566,20.371213034002594,-13.997785540565465,-14.800281093177027,-18.033092290919065,19.167102183344728
23500.0,-17.180978118057922,18.1615792915312,-11.89445354709701,-13.724610638503599,-18.028465030331297,18.400080833954856
23550.0,-15.404967969650727,16.063476009063105,-9.991498211744704,-12.577965852173731,-15.957189925390413,16.333255832149888
23600.0,-13.626590818711573,14.039253573914113,-8.237430907056574,-11.368613502275874,-13.129907167729778,13.218672664808954
23650.0,-11.83001637254097,12.056840688145591,-6.5897945908643125,-10.096633826654232,-12.058569222640937,12.140734508118912
23700.0,-9.995839408856005,10.088963729246977,-5.012542253835024,-8.755661556020739,-10.900534259818976,10.844103194126426
23750.0,-8.100974571372852,8.114821602818143,-3.4740312264236004,-7.333582799927858,-8.499159538535052,8.403039397417619
23800.0,-6.117978895891883,6.129374114469552,-1.945458821395437,-5.812436409061529,-5.9746395646175285,5.848935018543433
23850.0,-4.01382482117912,4.186707159565392,-0.39962274610561344,-4.167591450796386,-3.7050289575860935,3.9123499632476255
23900.0,-1.7480351122677689,2.6485457063703843,1.1900531677709096,-2.3661292899187525,-2.6233144602358185,3.3333843948722723
23950.0,0.7300220367897464,2.873392997222766,2.8502174491531385,-0.3642084691928558,1.5218308390242652,3.2354488770168466
24000.0,3.485021017665498,4.983102646665906,4.607892991999875,1.8970066319038519,3.699055512550157,5.6336443486523935
24050.0,6.601289529446016,7.896133833788293,6.490055065275799,4.4975676504955615,6.474257604458481,7.780260649412543
24100.0,10.190956624048873,11.384055468377714,8.521732596986565,7.548297321420055,10.290819869787098,12.102280770653193
24150.0,14.405803031836252,15.508213778496367,10.720961167653266,11.20560958811324,14.275701015977548,15.99622145356651
24200.0,19.454268500829134,20.434984362466334,13.086861523047563,15.694669202338128,18.84831473190479,20.320863100542738
24250.0,25.62464620535736,26.422078707088904,15.572395443127643,21.34541504319976,25.26312627239864,26.426742650496625
24300.0,33.31181598556373,33.844106031542346,18.022302153174813,28.64646816230496,33.94498441367241,34.84356973936048
24350.0,43.02876147854122,43.23514660945901,20.031044956383923,38.31494669573144,42.424084408471096,42.92208117653231
24400.0,55.32419636793525,55.324310461600845,20.6206323203746,51.33779164279974,55.83776816579627,56.00088111340209
24450.0,70.32989200352054,70.96549411071555,17.559407697393233,68.75877075468067,71.26833644807277,71.89408634542066
24500.0,86.16880395084142,90.6106901315797,6.297824571685614,90.39156250328584,86.03521109209179,90.66599832450086
24550.0,95.36869947306653,112.53672190356664,-19.66776874285821,110.80475012145529,94.99601675050523,112.44700295810028
24600.0,84.31409367200702,130.19601164028236,-60.39900955075709,115.33846319560574,83.50892175966611,129.15156858640046
24650.0,50.44179716479656,135.30657107917185,-97.51465379360741,93.80170826118184,49.81425074614904,135.67519480152612
24700.0,13.484097674646206,128.14586249896817,-113.1039404407665,60.240025999131184,14.449304841815277,128.64085163208605
24750.0,-11.679906294553684,115.97531326550552,-111.35910112349295,32.39481260942568,-10.745933358700066,114.58851991255258
24800.0,-25.352339296604015,103.992314601313,-103.00795642098512,14.274537124225324,-25.893031329393892,104.252109035931
24850.0,-32.019636118115365,93.90715290196844,-93.84623121565836,3.3820486056344925,-31.896915976660708,93.67406396162579
24900.0,-34.983388559870484,85.84119357120863,-85.78624625143371,-3.070906676877707,-35.59798495723367,84.67977076983783
24950.0,-36.07198262237959,79.48304249985256,-79.18181315742976,-6.913357370717537,-35.33775729345024,78.72969521737207
25000.0,-36.23214508597234,74.48524856601944,-73.91305319011988,-9.214815356598708,-36.016384875827654,73.89192729584325
25050.0,-35.95362824458492,70.56241469520403,-69.76304292502793,-10.591138251323825,-36.820356820309094,69.6569594269058
25100.0,-35.49582143263315,67.49997706452363,-66.52970641464078,-11.403730446346113,-35.201762117155205,66.12474006046763
25150.0,-35.001406241093065,65.14201765288408,-64.05107334989181,-11.871919247343293,-34.65228860307173,64.46264896899322
25200.0,-34.553537247906725,63.3774174872613,-62.204852807653396,-12.134798495763723,-34.052147291639926,63.141877691259715
25250.0,-34.205478942966195,62.12879061649354,-60.90193143228807,-12.285819927256687,-34.04328449611876,61.14364465292971
25300.0,-33.99675391959785,61.344540465106974,-60.079683463760674,-12.392912481312495,-33.029620478159856,59.9608932404775
25350.0,-33.96267837446653,60.993456567583436,-59.6965465445294,-12.510958185467805,-33.555576455734766,60.15382811986443
25400.0,-34.140777128479165,61.061210094981305,-59.727933792689065,-12.690362607884726,-34.07745999051526,60.99038125281572
25450.0,-34.57597844673068,61.548228365620915,-60.16313219724297,-12.983910780796668,-33.73022500969246,60.71881131868096
25500.0,-35.32574451927992,62.468533029649464,-61.00265976131151,-13.45336838572675,-36.074957386692574,61.4519688337817
25550.0,-36.465942224830286,63.84914389541718,-62.25532774645561,-14.177000506421782,-36.70308328933084,63.637892882225984
25600.0,-38.09803343823239,65.72951786920075,-63.93378243076868,-15.259127871956409,-37.15525507430029,64.5850511394182
25650.0,-40.357785649719965,68.16009187840655,-66.04632730401633,-16.84282560984262,-40.974208289637595,68.27738360343999
25700.0,-43.42464675933311,71.19808967428159,-68.58093959642892,-19.12649202906824,-44.15773926148811,71.19632120897845
25750.0,-47.527998765401456,74.8968911875745,-71.47402212334127,-22.383218514670716,-47.00138002050817,73.76149865507864
25800.0,-52.93910338212439,79.28179545081687,-74.55132482363987,-26.97597184431545,-53.418065416012325,79.8030946903047
25850.0,-59.921083084562035,84.29962443063577,-77.4241483019474,-33.34558349863295,-59.79304952699468,84.0169985972424
25900.0,-68.58051396072496,89.72517321200931,-79.33388645337541,-41.913496252734774,-68.6829176339773,89.57280829179552
25950.0,-78.54322087157838,95.01875967447245,-79.00354474080142,-52.79208850257144,-77.8748314215437,93.69193587023442
26000.0,-88.46962878517918,99.19486255424653,-74.73814216416294,-65.22139881208639,-88.30629739819136,98.56878075886672
26050.0,-95.82937426775715,100.9091606504708,-65.20949539195021,-77.00896320500462,-96.19637568659044,100.60887843360176
26100.0,-97.82087307243981,99.02070139078563,-50.893325753134974,-84.94097184344206,-97.94227549873472,98.81010689057432
26150.0,-93.40442297219536,93.40514110881922,-34.650311706319,-86.74028063254906,-92.51309022380372,92.45508282100941
26200.0,-84.23629423203148,85.14558821572916,-20.048752507177863,-82.75154811547905,-83.81809027027894,84.67052744708373
26250.0,-73.19908501597607,75.8046498977404,-9.151834303008863,-75.25017524902692,-72.99880803994985,75.47108997200407
26300.0,-62.53164828121988,66.6197444415225,-2.1200414669832024,-66.58600283567138,-62.844823261117355,66.92389889912265
26350.0,-53.28374004522264,58.25078760559017,1.8628226250421875,-58.22099405316959,-52.36324229976554,57.64090654628502
26400.0,-45.67593172368756,50.91801822946702,3.7532709949414302,-50.779499182788975,-44.91691560308092,50.30161472775943
26450.0,-39.55277684882547,44.60733652727309,4.306474004950913,-44.39897243970939,-38.713652216078636,44.52527715336692
26500.0,-34.652833676150856,39.211719384972355,4.0330872656037196,-39.00375807834216,-35.27639974045014,39.93855864352231
26550.0,-30.72473573409347,34.60524349683229,3.2530319607041664,-34.452005174411696,-30.719736958097066,34.767916489089124
26600.0,-27.563816941056665,30.67625752110065,2.1576534552531745,-30.600282793920695,-27.546858555745548,30.558206789476905
26650.0,-25.01658110087111,27.34081833509045,0.8567274435046344,-27.327392215869487,-25.98732581388472,28.266368976459365
26700.0,-22.975103325777173,24.548055762309517,-0.5902819015049183,-24.54095778461414,-23.903661454393376,25.796901721474594
26750.0,-21.37010054287908,22.282454278347558,-2.154081162126687,-22.17809060793152,-21.889474409843842,22.900174426149484
26800.0,-20.165564601074685,20.563406839070023,-3.8218836959804254,-20.20512078270038,-20.039786657994984,20.35711698924472
26850.0,-19.355443393639035,19.43850306477165,-5.586333287008019,-18.618493005761852,-19.88836547737136,19.96778377081397
26900.0,-18.961574136890395,18.9649177580298,-7.433306865405966,-17.447465564188462,-18.496004571434078,18.380774331960296
26950.0,-19.03048165751155,19.17718463181137,-9.324075576757188,-16.757864572835718,-19.795742856730353,19.780503188078814
27000.0,-19.623238967172558,20.049838720533874,-11.165376020947802,-16.65324025618628,-19.315611244382108,19.525856667814526
27050.0,-20.784979339150745,21.46571076841564,-12.75864305607965,-17.262495942384046,-19.94742617115517,20.507839781043003
27100.0,-22.465748585329404,23.18306338162517,-13.721429643177073,-18.686272937742068,-22.865973284744328,23.473674100721663
27150.0,-24.343631894769235,24.776784296012092,-13.396068285773026,-20.843089850931836,-24.343058412160588,24.595594390356137
27200.0,-25.50407384557149,25.541967933928056,-10.843527718807929,-23.125960143294662,-25.567502640779466,25.523083117064
27250.0,-24.067368903365477,24.414896549822785,-5.2099422275366605,-23.85254023210691,-24.760286533219762,25.02643000301753
27300.0,-17.305708791345314,20.14506787871571,3.0782359987815453,-19.90849625094444,-17.710157833509218,20.648212885449336
27350.0,-3.364526425595609,12.903412311500352,10.28959874566457,-7.786026389230707,-3.7165198677626834,13.146849429198936
27400.0,14.674829505494115,14.97215063642338,8.250051888092884,12.49407613725513,15.049483438340484,15.498528727012355
27450.0,24.705981517924208,33.167409955942404,-11.262605306669764,31.196647334156317,24.42418377205857,33.07108858990224
27500.0,12.807610970575675,52.54436801986425,-42.451056258812734,30.964793445428448,13.327403103179732,52.219859259584325
27550.0,-14.621340846252286,64.46880071529036,-63.69408060459176,9.96445490749951,-13.849247409135696,63.10222381410639
27600.0,-37.96290177907622,67.87810156205835,-66.39330980910519,-14.119670118713286,-37.70779701303285,66.55987633311497
27650.0,-50.331384123573855,66.33753321944769,-58.92147271330242,-30.478326183320604,-49.53528611500131,65.86433752958763
27700.0,-54.766497339293785,62.89156191969892,-49.18341016676996,-39.19618253180522,-54.47929870870154,62.177981654885976
27750.0,-55.056430149213114,59.030685385397476,-40.367451397185434,-43.07076368913896,-54.477818458608866,58.25741081697999
27800.0,-53.48320414388584,55.33315138032254,-33.19021443748044,-44.27377674506385,-53.423382679966615,54.90844119136842
27850.0,-51.19215641651847,51.98133711880683,-27.543310321547786,-44.084299531578864,-51.38434887060738,51.98393977016304
27900.0,-48.7201751321965,49.00389837171353,-23.13308231056753,-43.200029611537715,-49.237165237022325,49.365006871450845
27950.0,-46.30685307887838,46.374961850304544,-19.676362856005454,-41.99378324676179,-45.88671854991495,45.7980510449044
28000.0,-44.05040725470968,44.05300352880784,-16.945015681650805,-40.663663920726144,-43.54993800495053,43.44697268017571
28050.0,-41.98272226864871,41.9955231165274,-14.765683134418365,-39.31410133024461,-42.502804299729526,42.4224694815134
28100.0,-40.105284508912696,40.164099201296395,-13.009127618731892,-37.99891397462728,-39.40253454831329,39.43160523139893
28150.0,-38.40644005546897,38.52566347547933,-11.579284023627313,-36.74434552044778,-38.417496158576846,38.50309791301403
28200.0,-36.86967104888465,37.05234979612007,-10.404428452720227,-35.561559217591466,-36.09394689898315,36.245083358959505
28250.0,-35.47750327007388,35.72087164633783,-9.430589508866818,-34.453514373564175,-35.47128624641899,35.708842788454795
28300.0,-34.213270215562034,34.51180739263285,-8.61677383733477,-33.41879797572633,-34.59391662103732,34.949559734504234
28350.0,-33.061824437875515,33.40893499267764,-7.931537611869798,-32.453777106162164,-32.461263878772264,32.76568258631636
28400.0,-32.0097382254344,32.398659729050394,-7.350523624655103,-31.55381046216413,-31.978497212086765,32.47128923301599
28450.0,-31.0452654001541,31.469539350735587,-6.8546829604618855,-30.713925643900502,-31.60297130559681,32.00904097020805
28500.0,-30.15820064689063,30.6118967453224,-6.4289812709182605,-29.929190135459102,-29.996839574451524,30.543105747161288
28550.0,-29.339704120658602,29.817506411149513,-6.061449370017746,-29.194905721951795,-30.138686111964603,30.45896759143158
28600.0,-28.582123971612862,29.079341275258837,-5.7424800816392425,-28.506701168583998,-28.624604235178932,29.091850295181555
28650.0,-27.878831466852194,28.39136811201389,-5.464302613178528,-27.86056676062943,-27.59019558059376,28.073363967827802
28700.0,-27.224074285241493,27.7483818295646,-5.2205860254665595,-27.252856285351328,-26.45324471710704,27.012057964008
28750.0,-26.61284906534393,27.145870767337982,-5.006137423512656,-26.680271509374126,-27.136273844797373,27.550842227646168
28800.0,-26.04079218702909,26.5799067465489,-4.816670269357002,-26.139837990537124,-25.562908121685453,26.22440732771165
28850.0,-25.50408690404561,26.047054920829183,-4.648625063685618,-25.628877366477948,-25.79751856797877,26.31821120808661
28900.0,-24.9993847052672,25.544299515735982,-4.499029472089712,-25.144979052663725,-25.63960702468697,26.210540217108154
28950.0,-24.523738843083873,25.06898236753645,-4.3653884064177815,-24.68597296046819,-24.363968721328416,25.21094195560964
29000.0,-24.07454815911853,24.618751816044693,-4.245597034729287,-24.249904057515398,-24.297680576847743,24.93816294533847
29050.0,-23.64950957306029,24.191520010607995,-4.137871474493898,-23.835009127000898,-23.362479158342985,23.85293251256033
29100.0,-23.246577836913954,23.785427083139982,-4.040693222332255,-23.439695813093795,-23.285006577632092,24.00576849206987
29150.0,-22.86393137475341,23.39881095170089,-3.9527643281117912,-23.062523888764755,-23.74161428085345,24.368797403647278
29200.0,-22.49994321972116,23.030181761568087,-3.872971028295485,-22.702188603411063,-21.50268568708863,21.858993738252146
29250.0,-22.153156224299547,22.678200162804107,-3.8003540812110956,-22.357505931602255,-22.009089306056943,22.502800285434027
29300.0,-21.82226185845989,22.341658775420807,-3.7340844437205334,-22.02739953341069,-21.049176317437276,21.519696587155238
29350.0,-21.506082026047398,22.0194663141604,-3.673443229222432,-21.710889240243574,-20.60168055976464,21.04501981138872
29400.0,-21.20355342585968,21.710633941448577,-3.6178051159533053,-21.40708089120423,-22.006812815447102,22.318324167761073
29450.0,-20.913714063388145,21.41426349446696,-3.5666245502774485,-21.11515735976928,-20.683581270601337,21.076017030250274
29500.0,-20.63569158486328,21.129537294594968,-3.519424225322386,-20.834370626584658,-20.558523285917822,21.022925793573602
29550.0,-20.368693159462193,20.855709297840413,-3.4757854206814227,-20.564034770088426,-19.687418160594387,20.201680618761717
29600.0,-20.11199668031252,20.59209738576389,-3.435339871207748,-20.303519761708177,-20.784620324314595,21.218250112278724
29650.0,-19.86494309194584,20.33807662972737,-3.3977628975669774,-20.052245966189925,-20.25848927030189,20.59460980150769
29700.0,-19.626929682502702,20.09307338856664,-3.3627675822535794,-19.809679260050352,-20.59455158065885,21.123547408215426
29750.0,-19.397404204414517,19.85656012218759,-3.330099815281052,-19.575326692198924,-20.010697259281798,20.85167138753139
29800.0,-19.17585970841688,19.628050822057887,-3.299534066054405,-19.34873262051635,-19.966798181611512,20.409833586802
29850.0,-18.961829993351365,19.40709697485088,-3.270869763811312,-19.12947526670429,-19.156592189793244,19.61752118852657
29900.0,-18.75488558890851,19.19328398819625,-3.2439281898435484,-18.9171636391582,-18.51326813639491,18.841240550848788
29950.0,-18.554630200765697,18.98622801807204,-3.2185498015430247,-18.711434780080626,-19.464192430406626,19.84996041403532
30000.0,-18.36069755789416,18.785573146222507,-3.1945919219780885,-18.511951298664016,-17.537007022245426,17.718007126838152
