TFA (nT) IAVF (nT) INC (degree)
-8.461361603899592021e-01 1.877202135430167784e+00 8.552917307588607798e+01
-8.491070721757627560e-01 1.885322722814885443e+00 8.549692180271321718e+01
-8.521019292506198939e-01 1.893519552709440390e+00 8.546447706665263411e+01
-8.551210565737004110e-01 1.901793750318356624e+00 8.543183726276474488e+01
-8.581647854648684071e-01 1.910146463545697726e+00 8.539900077118738864e+01
-8.612334537677357460e-01 1.918578863575232996e+00 8.536596595704503443e+01
-8.643274060178594009e-01 1.927092145468535467e+00 8.533273117036077338e+01
-8.674469936162821915e-01 1.935687528781678157e+00 8.529929474597136618e+01
-8.705925750086134229e-01 1.944366258201188691e+00 8.526565500344568704e+01
-8.737645158698603698e-01 1.953129604199984604e+00 8.523181024700652131e+01
-8.769631892952290952e-01 1.961978863714013865e+00 8.519775876545641324e+01
-8.801889759971215366e-01 1.970915360840375108e+00 8.516349883210757810e+01
-8.834422645085701076e-01 1.979940447557714922e+00 8.512902870471599215e+01
-8.867234513933542894e-01 1.989055504469734448e+00 8.509434662542059868e+01
-8.900329414630632208e-01 1.998261941572681000e+00 8.505945082068714669e+01
-8.933711480013720729e-01 2.007561199047725342e+00 8.502433950125781337e+01
-8.967384929958187589e-01 2.016954748079174742e+00 8.498901086210634048e+01
-9.001354073773780717e-01 2.026444091699519667e+00 8.495346308239943767e+01
-9.035623312681374530e-01 2.036030765662322661e+00 8.491769432546475116e+01
-9.070197142374080146e-01 2.045716339344057388e+00 8.488170273876583849e+01
-9.105080155666014363e-01 2.055502416675995203e+00 8.484548645388466070e+01
-9.140277045232336750e-01 2.065390637107337835e+00 8.480904358651186215e+01
-9.175792606444235222e-01 2.075382676600806775e+00 8.477237223644581832e+01
-9.211631740302764770e-01 2.085480248661989222e+00 8.473547048760030975e+01
-9.247799456475626068e-01 2.095685105403769732e+00 8.469833640802212926e+01
-9.284300876441105022e-01 2.105999038647258459e+00 8.466096804991859415e+01
-9.321141236743709646e-01 2.116423881060689460e+00 8.462336344969592972e+01
-9.358325892366126109e-01 2.126961507337810531e+00 8.458552062800923466e+01
-9.395860320222455542e-01 2.137613835417389030e+00 8.454743758982452562e+01
-9.433750122777850855e-01 2.148382827745504375e+00 8.450911232449364263e+01
-9.472001031799972548e-01 2.159270492582396894e+00 8.447054280584306696e+01
-9.510618912247927881e-01 2.170278885355716891e+00 8.443172699227699241e+01
-9.549609766304626435e-01 2.181410110062100838e+00 8.439266282689605703e+01
-9.588979737558857019e-01 2.192666320719115269e+00 8.435334823763234624e+01
-9.628735115343557416e-01 2.204049722869675598e+00 8.431378113740159108e+01
-9.668882339237232504e-01 2.215562575141177604e+00 8.427395942427389741e+01
-9.709428003735753876e-01 2.227207190861672625e+00 8.423388098166378768e+01
-9.750378863102122651e-01 2.238985939735538722e+00 8.419354367854086263e+01
-9.791741836402221288e-01 2.250901249581211960e+00 8.415294536966237615e+01
-9.833524012734971009e-01 2.262955608133685015e+00 8.411208389582867540e+01
-9.875732656665738851e-01 2.275151564914600577e+00 8.407095708416342461e+01
-9.918375213872308027e-01 2.287491733172912767e+00 8.402956274841939432e+01
-9.961459317013260373e-01 2.299978791899255803e+00 8.398789868931200431e+01
-1.000499279182903933e+00 2.312615487917282664e+00 8.394596269488150142e+01
-1.004898366348665251e+00 2.325404638055451390e+00 8.390375254088633028e+01
-1.009344016317941684e+00 2.338349131402875702e+00 8.386126599122866310e+01
-1.013837073499389119e+00 2.351451931653062655e+00 8.381850079841456136e+01
-1.018378404305671170e+00 2.364716079539563864e+00 8.377545470405057415e+01
-1.022968897897481799e+00 2.378144695367762296e+00 8.373212543937889052e+01
-1.027609466958323559e+00 2.391740981647256792e+00 8.368851072585333384e+01
-1.032301048501541807e+00 2.405508225829533941e+00 8.364460827575878454e+01
-1.037044604711198303e+00 2.419449803155870882e+00 8.360041579287612024e+01
-1.041841123818455728e+00 2.433569179620688416e+00 8.355593097319584217e+01
-1.046691621015240603e+00 2.447869915055830514e+00 8.351115150568301715e+01
-1.051597139407052905e+00 2.462355666341589089e+00 8.346607507309649066e+01
-1.056558751006899444e+00 2.477030190750570515e+00 8.342069935286568239e+01
-1.061577557772442892e+00 2.491897349430869824e+00 8.337502201802838897e+01
-1.066654692688578709e+00 2.506961111035356460e+00 8.332904073823316082e+01
-1.071791320897781841e+00 2.522225555504280070e+00 8.328275318080991951e+01
-1.076988640880715664e+00 2.537694878008798227e+00 8.323615701191323524e+01
-1.082247885689720857e+00 2.553373393063463226e+00 8.318924989774215817e+01
-1.087570324237986830e+00 2.569265538816173144e+00 8.314202950584156326e+01
-1.092957262647358929e+00 2.585375881524584862e+00 8.309449350648957022e+01
-1.098410045657925327e+00 2.601709120228498318e+00 8.304663957417646714e+01
-1.103930058102714717e+00 2.618270091628303486e+00 8.299846538918033900e+01
-1.109518726451048654e+00 2.635063775180151779e+00 8.294996863924552599e+01
-1.115177520424309510e+00 2.652095298419163250e+00 8.290114702137000791e+01
-1.120907954688128871e+00 2.669369942522676009e+00 8.285199824370832289e+01
-1.126711590625241177e+00 2.686893148126223263e+00 8.280252002759698371e+01
-1.132590038193541204e+00 2.704670521405760919e+00 8.275271010971017915e+01
-1.138544957874154440e+00 2.722707840440435678e+00 8.270256624435327808e+01
-1.144578062714659783e+00 2.741011061871118759e+00 8.265208620590320265e+01
-1.150691120472929763e+00 2.759586327870851008e+00 8.260126779140415465e+01
-1.156885955867420046e+00 2.778439973444364330e+00 8.255010882332892663e+01
-1.163164452940130600e+00 2.797578534074947054e+00 8.249860715251570298e+01
-1.169528557538871860e+00 2.817008753738066584e+00 8.244676066129152048e+01
-1.175980279925926686e+00 2.836737593302430582e+00 8.239456726679409826e+01
-1.182521697520677817e+00 2.856772239340492181e+00 8.234202492450485522e+01
-1.189154957784295696e+00 2.877120113371866683e+00 8.228913163200593317e+01
-1.195882281255143953e+00 2.897788881564652641e+00 8.223588543297627496e+01
-1.202705964744160472e+00 2.918786464921327983e+00 8.218228442144153689e+01
-1.209628384700139447e+00 2.940121049977674428e+00 8.212832674629453322e+01
-1.216652000755531038e+00 2.961801100045108548e+00 8.207401061610372039e+01
-1.223779359464154837e+00 2.983835367028863761e+00 8.201933430422843685e+01
-1.231013098243039616e+00 3.006232903856719485e+00 8.196429615426121984e+01
-1.238355949531499522e+00 3.029003077555348256e+00 8.190889458581861504e+01
-1.245810745181528123e+00 3.052155583013979712e+00 8.185312810070372791e+01
-1.253380421094639097e+00 3.075700457477857253e+00 8.179699528946544262e+01
-1.261068022121415000e+00 3.099648095817002957e+00 8.174049483838082608e+01
-1.268876707241278101e+00 3.124009266619073077e+00 8.168362553688957917e+01
-1.276809755041314443e+00 3.148795129158619144e+00 8.162638628551108866e+01
-1.284870569514462435e+00 3.174017251298908437e+00 8.156877610427750369e+01
-1.293062686198947819e+00 3.199687628386588045e+00 8.151079414171820758e+01
-1.301389778682582321e+00 3.225818703203985116e+00 8.145243968443421068e+01
-1.309855665497413835e+00 3.252423387048700487e+00 8.139371216730371827e+01
-1.318464317432279431e+00 3.279515082015441507e+00 8.133461118436351001e+01
-1.327219865293029377e+00 3.307107704560794836e+00 8.127513650041395010e+01
-1.336126608142650385e+00 3.335215710437865244e+00 8.121528806339979667e+01
-1.345189022056174188e+00 3.363854121094529859e+00 8.115506601762253069e+01
-1.354411769428176315e+00 3.393038551636420319e+00 8.109447071784485672e+01
-1.363799708873873140e+00 3.422785240463832590e+00 8.103350274435264566e+01
-1.373357905768314069e+00 3.453111080700535851e+00 8.097216291904526031e+01
-1.383091643472016408e+00 3.484033653542047304e+00 8.091045232263088849e+01
-1.393006435295604195e+00 3.515571263661430468e+00 8.084837231300981841e+01
-1.403108037260631269e+00 3.547742976822100047e+00 8.078592454493586672e+01
-1.413402461718885172e+00 3.580568659859693526e+00 8.072311099105360199e+01
-1.423895991898054714e+00 3.614069023208755116e+00 8.065993396441771779e+01
-1.434595197447836590e+00 3.648265666165060761e+00 8.059639614260957785e+01
-1.445506951067374368e+00 3.683181125090918329e+00 8.053250059357692692e+01
-1.456638446302445988e+00 3.718838924788906652e+00 8.046825080333300662e+01
-1.467997216609145505e+00 3.755263633289485981e+00 8.040365070566424777e+01
-1.479591155790010770e+00 3.792480920319830862e+00 8.033870471400881286e+01
-1.491428539918766116e+00 3.830517619745456681e+00 8.027341775568326909e+01
-1.503518050881150980e+00 3.869401796302823993e+00 8.020779530865117124e+01
-1.515868801671897970e+00 3.909162816970617627e+00 8.014184344104511126e+01
-1.528490363601885393e+00 3.949831427359880465e+00 8.007556885367417010e+01
-1.541392795585057929e+00 3.991439833539201398e+00 8.000897892577096115e+01
-1.554586675692042563e+00 4.034021789751064624e+00 7.994208176425644297e+01
-1.568083135176749909e+00 4.077612692519659632e+00 7.987488625682861709e+01
-1.581893895203867251e+00 4.122249681699597268e+00 7.980740212921128318e+01
-1.596031306529351435e+00 4.167971749069551812e+00 7.973964000693244714e+01
-1.610508392413144252e+00 4.214819855135647053e+00 7.967161148203990706e+01
-1.625338895073748846e+00 4.262837054877104848e+00 7.960332918520319367e+01
-1.640537326028481013e+00 4.312068633242293281e+00 7.953480686369762509e+01
-1.656119020701699807e+00 4.362562251287792847e+00 7.946605946581875912e+01
-1.672100197726625881e+00 4.414368103947580835e+00 7.939710323233360612e+01
-1.688498023415325733e+00 4.467539090525415091e+00 7.932795579564091781e+01
-1.705330681926720438e+00 4.522130999122358830e+00 7.925863628738602529e+01
-1.722617451725131588e+00 4.578202706344996820e+00 7.918916545535878981e+01
-1.740378788992897219e+00 4.635816393790277878e+00 7.911956579059628325e+01
-1.758636418741312823e+00 4.695037782972520723e+00 7.904986166571674744e+01
-1.777413434456019292e+00 4.755936390549534210e+00 7.898007948563042646e+01
-1.796734407217679408e+00 4.818585805921367538e+00 7.891024785190683133e+01
-1.816625505358480996e+00 4.883063993520615931e+00 7.884039774223079178e+01
-1.837114625851888672e+00 4.949453622391584595e+00 7.877056270655197068e+01
-1.858231538790159343e+00 5.017842425972309783e+00 7.870077908172980585e+01
-1.880008046484566542e+00 5.088323595354070861e+00 7.863108622669969350e+01
-1.902478158931036223e+00 5.160996209704554971e+00 7.856152678044234960e+01
-1.925678287623715068e+00 5.235965708011590891e+00 7.849214694533119996e+01
-1.949647459976209252e+00 5.313344406843494738e+00 7.842299679876839491e+01
-1.974427556931658057e+00 5.393252069441288654e+00 7.835413063640598352e+01
-2.000063576716184954e+00 5.475816532170321160e+00 7.828560735069261511e+01
-2.026603928125113363e+00 5.561174395180309205e+00 7.821749084899884963e+01
-2.054100757239035957e+00 5.649471785072075036e+00 7.814985051616694989e+01
-2.082610312061075941e+00 5.740865198469028208e+00 7.808276172701773987e+01
-2.112193350264102598e+00 5.835522436668423296e+00 7.801630641514601905e+01
-2.142915596057449967e+00 5.933623643034005468e+00 7.795057370526585316e+01
-2.174848253151312250e+00 6.035362456526733865e+00 7.788566061745400759e+01
-2.208068581943539499e+00 6.140947296800523425e+00 7.782167285291220082e+01
-2.242660550414765197e+00 6.250602798672536764e+00 7.775872567236380917e+01
-2.278715569839004917e+00 6.364571416581264351e+00 7.769694487996146393e+01
-2.316333328353916254e+00 6.483115222954707768e+00 7.763646792766195404e+01
-2.355622737757354646e+00 6.606517928328680789e+00 7.757744515749122627e+01
-2.396703011690918927e+00 6.735087155707891071e+00 7.752004120205276649e+01
-2.439704896745096718e+00 6.869157007206407428e+00 7.746443656713111636e+01
-2.484772082109917513e+00 7.009090967632478630e+00 7.741082942442866965e+01
-2.532062818371191515e+00 7.155285197635853578e+00 7.735943764750506091e+01
-2.581751782132203576e+00 7.308172278613605855e+00 7.731050113005596813e+01
-2.634032230600973801e+00 7.468225483149232957e+00 7.726428443301547588e+01
-2.689118499477631374e+00 7.635963658813397892e+00 7.722107981589778092e+01
-2.747248908860933980e+00 7.811956830283015130e+00 7.718121071870146466e+01
-2.808689156057155856e+00 7.996832645701730691e+00 7.714503577407575108e+01
-2.873736291886038963e+00 8.191283818985104048e+00 7.711295344593071377e+01
-2.942723399342761503e+00 8.396076751623450463e+00 7.708540741108365069e+01
-3.016025121616321414e+00 8.612061557076563290e+00 7.706289282593385792e+01
-3.094064222240788808e+00 8.840183760199067819e+00 7.704596365194163354e+01
-3.177319405912951478e+00 9.081498006044741444e+00 7.703524125367866304e+01
-3.266334687404810033e+00 9.337184190512232362e+00 7.703142453383540555e+01
-3.361730672310233370e+00 9.608566524437776479e+00 7.703530193403830140e+01
-3.464218212935532559e+00 9.897136169355363222e+00 7.704776571296993382e+01
-3.574615033523108387e+00 1.020457824589853502e+01 7.706982901995408497e+01
-3.693866092367593446e+00 1.053280422645584657e+01 7.710264642084995046e+01
-3.823068679923903535e+00 1.088399099826509620e+01 7.714753871479106806e+01
-3.963503563909175575e+00 1.126062824375123483e+01 7.720602312027340020e+01
-4.116673916399121502e+00 1.166557626231331746e+01 7.727985022876718801e+01
-4.284354339872105122e+00 1.210213699505142770e+01 7.737104955375149018e+01
-4.468653116074580822e+00 1.257414187212770074e+01 7.748198608633899198e+01
-4.672091932553226634e+00 1.308606126884613197e+01 7.761543106848942841e+01
-4.897708945042965389e+00 1.364314195717854084e+01 7.777465130364250001e+01
-5.149193334533323174e+00 1.425158115837504802e+01 7.796352287978895390e+01
-5.431062861485244753e+00 1.491874891096207989e+01 7.818667738843514314e+01
-5.748900845329221632e+00 1.565347487166746632e+01 7.844969190077661381e+01
-6.109676357740426944e+00 1.646642197457716250e+01 7.875933860031642553e+01
-6.522182582651698368e+00 1.737057851413624476e+01 7.912391684287103999e+01
-6.997645497238234924e+00 1.838191361410154556e+01 7.955370076144190250e+01
-7.550581960651415514e+00 1.952026089324968794e+01 8.006155138088027456e+01
-8.200029157975917471e+00 2.081052482805315051e+01 8.066376692412956118e+01
-8.971336643854579407e+00 2.228434902110492288e+01 8.138128428194826824e+01
-9.898825876465862095e+00 2.398245299035253097e+01 8.224140831179884970e+01
-1.102981046943382992e+01 2.595794471534352610e+01 8.328035093631807229e+01
-1.243078317274962430e+01 2.828106133382467746e+01 8.454703936245179818e+01
-1.419708659022381703e+01 3.104598059111311770e+01 8.610895591544836236e+01
-1.646816874018116295e+01 3.438052464775491046e+01 8.806129340138366501e+01
-1.945149432360992137e+01 3.845946802764353833e+01 9.054159320954924794e+01
-2.345831323701721161e+01 4.352069618251211836e+01 9.375342618892481994e+01
-2.894856471800324016e+01 4.987688351778237461e+01 9.800433625191489284e+01
-3.654838867653119650e+01 5.789132324718218570e+01 1.037625509092997902e+02
-4.686554166294292401e+01 6.781043685005022326e+01 1.117204098849085057e+02
-5.952619391882944200e+01 7.916936145385416523e+01 1.227703630039658975e+02
-7.062909303238201630e+01 8.947934289921705897e+01 1.375650139483693124e+02
-7.173165433640403421e+01 9.372737640864393427e+01 1.552874502583345304e+02
-5.944940684022826360e+01 8.885498476465645012e+01 1.729567015934462120e+02
-4.224637972591526847e+01 7.816092872818491344e+01 -1.723642585239332163e+02
-2.807015248957489462e+01 6.663107628474944022e+01 -1.614316491875200654e+02
-1.845847218275712720e+01 5.664717223955043579e+01 -1.535728117699912900e+02
-1.229993356219806877e+01 4.861062519552964289e+01 -1.478980806079484580e+02
-8.357378801371288191e+00 4.224842824080873527e+01 -1.437219663467693920e+02
-5.785867295190504578e+00 3.718713119806098177e+01 -1.405816973671705341e+02
-4.068569526192494124e+00 3.311021976361156760e+01 -1.381733562836901399e+02
-2.895196896001396070e+00 2.977834965414100665e+01 -1.362956874849539304e+02
-2.077186553624782661e+00 2.701620064454190384e+01 -1.348126341739227598e+02
-1.497315705809231901e+00 2.469576228702286258e+01 -1.336299761554877819e+02
-1.080827391623996547e+00 2.272280924304772398e+01 -1.326808867877223292e+02
-7.788303529233786549e-01 2.102711062361391825e+01 -1.319168952564595259e+02
-5.585851186662464940e-01 1.955558319655906629e+01 -1.313021182879095079e+02
-3.976882613789642917e-01 1.826753640056573502e+01 -1.308094962082109873e+02
-2.805055168123642417e-01 1.713135429156718459e+01 -1.304182818182301560e+02
-1.959318281766995185e-01 1.612215692802762135e+01 -1.301123291449985686e+02
-1.359527799023148020e-01 1.522013179058031085e+01 -1.298789038608165924e+02
-9.470116973919928682e-02 1.440932768855508961e+01 -1.297078409600181601e+02
-6.782619919235521877e-02 1.367677154571422271e+01 -1.295909381006036369e+02
-5.206409520114974043e-02 1.301181339985322793e+01 -1.295215117888959355e+02
-4.494100111399745856e-02 1.240563474308309111e+01 -1.294940679889111550e+02
-4.456426108514044415e-02 1.185087522281044592e+01 -1.295040543928704722e+02
-4.947374575740237646e-02 1.134134613832612359e+01 -1.295476718150477495e+02
-5.853458064440442143e-02 1.087180831497203393e+01 -1.296217289658117409e+02
-7.085882637893980984e-02 1.043779824729861794e+01 -1.297235294506406831e+02
-8.574766843561576479e-02 1.003549080545999139e+01 -1.298507829837733709e+02
-1.026483117282479540e-01 9.661589906626719682e+00 -1.300015349925118073e+02
-1.211215370137215253e-01 9.313240770833468574e+00 -1.301741103283750363e+02
-1.408170686926877302e-01 8.987958980142172649e+00 -1.303670678998026347e+02
-1.614547215710668837e-01 8.683572725385429791e+00 -1.305791638337270797e+02
-1.828098619648845791e-01 8.398175482133327208e+00 -1.308093213515124091e+02
-2.047021171918141924e-01 8.130086994151490387e+00 -1.310566059708438047e+02
-2.269865503867087853e-01 7.877820919495491125e+00 -1.313202049621966125e+02
-2.495467203441688042e-01 7.640057854595433184e+00 -1.315994102265661070e+02
-2.722891928021864416e-01 7.415622725934646553e+00 -1.318936039414195989e+02
-2.951391766820670171e-01 7.203465749312150557e+00 -1.322022464594660676e+02
-3.180370376444376923e-01 7.002646319233531536e+00 -1.325248660507225509e+02
-3.409354998264912950e-01 6.812319317434248234e+00 -1.328610501604055401e+02
-3.637973903657161223e-01 6.631723428559625155e+00 -1.332104379191956127e+02
-3.865938142498639429e-01 6.460171129042659111e+00 -1.335727136927026208e+02
-4.093026719989230067e-01 6.297040077053406293e+00 -1.339476014966944035e+02
-4.319074517318552964e-01 6.141765680676507522e+00 -1.343348601362434351e+02
-4.543962417906102225e-01 5.993834660965720040e+00 -1.347342789522053295e+02
-4.767609213805910073e-01 5.852779458334033791e+00 -1.351456740787537285e+02
-4.989964954480741177e-01 5.718173356486496495e+00 -1.355688851321127402e+02
-5.211005468520000239e-01 5.589626219043124955e+00 -1.360037722639693527e+02
-5.430727842492457658e-01 5.466780751106425029e+00 -1.364502135239440292e+02
-5.649146683374011157e-01 5.349309212064349062e+00 -1.369081024844429066e+02
-5.866291024433434309e-01 5.236910517484020033e+00 -1.373773460885965108e+02
-6.082201761046135413e-01 5.129307677517698671e+00 -1.378578626881118510e+02
-6.296929524130046030e-01 5.026245527185878359e+00 -1.383495802429713422e+02
-6.510532915908251450e-01 4.927488710522792914e+00 -1.388524346591917435e+02
-6.723077046388079570e-01 4.832819886106905827e+00 -1.393663682444693848e+02
-6.934632319995552852e-01 4.742038126146149501e+00 -1.398913282646008724e+02
-7.145273430756997612e-01 4.654957485200950984e+00 -1.404272655861874739e+02
-7.355078531697549771e-01 4.571405717933557433e+00 -1.409741333933839087e+02
-7.564128550061031131e-01 4.491223128073145610e+00 -1.415318859684041115e+02
-7.772506624811550413e-01 4.414261533166603968e+00 -1.421004775272014626e+02
-7.980297646859630945e-01 4.340383331713786319e+00 -1.426798611032439226e+02
-8.187587885733640380e-01 4.269460661020182179e+00 -1.432699874736370873e+02
-8.394464689120426648e-01 4.201374635586321737e+00 -1.438708041230425181e+02
-8.601016243935537542e-01 4.136014657130529848e+00 -1.444822542419165075e+02
-8.807331389438066704e-01 4.073277788442231540e+00 -1.451042757565740828e+02
-9.013499474446251547e-01 4.013068184213763878e+00 -1.457368003894787307e+02
-9.219610251995138395e-01 3.955296572822072143e+00 -1.463797527489835488e+02
-9.425753805849910183e-01 3.899879783746487139e+00 -1.470330494485089616e+02
-9.632020504186886711e-01 3.846740315931127530e+00 -1.476965982558457142e+02
-9.838500976507891238e-01 3.795805942943256461e+00 -1.483702972739200732e+02
-1.004528611048701281e+00 3.747009351253899556e+00 -1.490540341549549623e+02
-1.025246706598323954e+00 3.700287808383385446e+00 -1.497476853505057477e+02
-1.046013530390351054e+00 3.655582858020442583e+00 -1.504511154003404272e+02
-1.066838262798298187e+00 3.612840039546039606e+00 -1.511641762635707380e+02
-1.087730123787370884e+00 3.572008629677946967e+00 -1.518867066958176508e+02
-1.108698379220933505e+00 3.533041404204265046e+00 -1.526185316765087521e+02
-1.129752348054913647e+00 3.495894417997972958e+00 -1.533594618906514597e+02
-1.150901410330713581e+00 3.460526801703696975e+00 -1.541092932695995898e+02
-1.172155015894566610e+00 3.426900573665427441e+00 -1.548678065954249234e+02
-1.193522693786315703e+00 3.394980465822525773e+00 -1.556347671735196911e+02
-1.215014062253587879e+00 3.364733762443345544e+00 -1.564099245779781882e+02
-1.236638839358773945e+00 3.336130150693121799e+00 -1.571930124741403461e+02
-1.258406854156148835e+00 3.309141582147091754e+00 -1.579837485224191198e+02
-1.280328058425374227e+00 3.283742144462620249e+00 -1.587818343671756054e+02
-1.302412538955492805e+00 3.259907942516571122e+00 -1.595869557139549215e+02
-1.324670530380649192e+00 3.237616988397404416e+00 -1.603987824978477477e+02
-1.347112428575273579e+00 3.216849099716366567e+00 -1.612169691451057929e+02
-1.369748804622441973e+00 3.197585805769527667e+00 -1.620411549294175018e+02
-1.392590419374728938e+00 3.179810261142870242e+00 -1.628709644234498626e+02
-1.415648238632168265e+00 3.163507166406938076e+00 -1.637060080453967430e+02
-1.438933448967024686e+00 3.148662695596012639e+00 -1.645458826993504147e+02
-1.462457474230062227e+00 3.135264430210091824e+00 -1.653901725073503428e+02
-1.486231992777872435e+00 3.123301299516390017e+00 -1.662384496299723651e+02
-1.510268955465785767e+00 3.112763526961115801e+00 -1.670902751713238956e+02
-1.534580604455810571e+00 3.103642582532326166e+00 -1.679452001633192992e+02
-1.559179492894228858e+00 3.095931140941005300e+00 -1.688027666231503190e+02
-1.584078505518717428e+00 3.089623045510610400e+00 -1.696625086769487893e+02
-1.609290880260438428e+00 3.084713277685461996e+00 -1.705239537417919280e+02
-1.634830230912376114e+00 3.081197932085987023e+00 -1.713866237574327727e+02
-1.660710570941384079e+00 3.079074197054152418e+00 -1.722500364584722661e+02
-1.686946338528037659e+00 3.078340340646124496e+00 -1.731137066771373441e+02
-1.713552422925464835e+00 3.078995702041251725e+00 -1.739771476664024590e+02
-1.740544192235987220e+00 3.081040688347682188e+00 -1.748398724329031211e+02
-1.767937522712630605e+00 3.084476776795367137e+00 -1.757013950689405704e+02
-1.795748829701550475e+00 3.089306522317502246e+00 -1.765612320728753559e+02
-1.823995100351115672e+00 3.095533570531831202e+00 -1.774189036473506462e+02
-1.852693928224018238e+00 3.103162676144251009e+00 -1.782739349650710778e+02
-1.881863549960308912e+00 3.112199726809044886e+00 -1.791258573922835069e+02
-1.911522884151951374e+00 3.122651772493368227e+00 -1.799742096606532016e+02
-1.941691572603286842e+00 3.134527060408561105e+00 1.791814610211120566e+02
-1.972390024167039346e+00 3.147835075587934295e+00 1.783415979237772149e+02
-2.003639461362130003e+00 3.162586587210205469e+00 1.775066338292829755e+02
-2.035461969997952369e+00 3.178793700790056853e+00 1.766769901437774593e+02
-2.067880552049921050e+00 3.196469916382747467e+00 1.758530760971674738e+02
-2.100919182053396117e+00 3.215630192978713442e+00 1.750352880334026793e+02
-2.134602867307649809e+00 3.236291019296859695e+00 1.742240087947200493e+02
-2.168957712208664734e+00 3.258470491222308141e+00 1.734196072021017301e+02
-2.204010987059615623e+00 3.282188396175952150e+00 1.726224376332515931e+02
-2.239791201741115234e+00 3.307466304749811847e+00 1.718328396984926769e+02
-2.276328184660182163e+00 3.334327669994194832e+00 1.710511380141403208e+02
-2.313653167437803582e+00 3.362797934800638711e+00 1.702776420721297939e+02
-2.351798875840465541e+00 3.392904647889073644e+00 1.695126462039790454e+02
-2.390799627511602576e+00 3.424677588979167631e+00 1.687564296365576411e+02
-2.430691437115318543e+00 3.458148903805193797e+00 1.680092566366166125e+02
-2.471512129567587923e+00 3.493353249721789844e+00 1.672713767406133343e+02
-2.513301462100411499e+00 3.530327952745663911e+00 1.665430250660477043e+02
-2.556101255982913489e+00 3.569113176986680624e+00 1.658244227003027333e+02
-2.599955538811333344e+00 3.609752107542303357e+00 1.651157771628629973e+02
-2.644910698378502900e+00 3.652291148063424586e+00 1.644172829367569193e+02
-2.691015649244114627e+00 3.696780134349126445e+00 1.637291220651380854e+02
-2.738322013251655029e+00 3.743272565494818682e+00 1.630514648090764069e+02
-2.786884315378098442e+00 3.791825854305055810e+00 1.623844703628725483e+02
-2.836760196460629047e+00 3.842501598891843617e+00 1.617282876235337312e+02
-2.888010644523335557e+00 3.895365877614763939e+00 1.610830560114475247e+02
-2.940700246628905390e+00 3.950489569784599642e+00 1.604489063397683992e+02
-2.994897463409408100e+00 4.007948704851792776e+00 1.598259617305750453e+02
-3.050674928690158438e+00 4.067824843140281033e+00 1.592143385764755976e+02
-3.108109776916184508e+00 4.130205491572167986e+00 1.586141475470222701e+02
-3.167284001427359108e+00 4.195184558266358721e+00 1.580254946400559106e+02
-3.228284847012163006e+00 4.262862850393424274e+00 1.574484822789316638e+02
-3.291205240608872540e+00 4.333348620239158677e+00 1.568832104574902360e+02
-3.356144264525323440e+00 4.406758165082499623e+00 1.563297779356379351e+02
-3.423207677124760817e+00 4.483216487243393722e+00 1.557882834894985820e+02
-3.492508486587658556e+00 4.562858021519218710e+00 1.552588272213106677e+02
-3.564167584122247323e+00 4.645827438223879113e+00 1.547415119355875390e+02
-3.638314443876730309e+00 4.732280531194889228e+00 1.542364445895534573e+02
-3.715087897824070673e+00 4.822385201468114779e+00 1.537437378275486424e+02
-3.794636995069678775e+00 4.916322548870367015e+00 1.532635116109909745e+02
-3.877121956402071135e+00 5.014288085586408705e+00 1.527958949576365058e+02
-3.962715236500565119e+00 5.116493087866496481e+00 1.523410278063477392e+02
-4.051602708073549053e+00 5.223166104511144603e+00 1.518990630264157460e+02
-4.143984984374601943e+00 5.334554643670422536e+00 1.514701685937749858e+02
-4.240078899091098918e+00 5.450927062910620791e+00 1.510545299602836735e+02
-4.340119165592054351e+00 5.572574691534021518e+00 1.506523526467406100e+02
-4.444360241044845949e+00 5.699814218913413555e+00 1.502638650956065192e+02
-4.553078425068679991e+00 5.832990388276124705e+00 1.498893218256765465e+02
-4.666574227512283457e+00 5.972479042131626059e+00 1.495290069384192861e+02
-4.785175045778785829e+00 6.118690573616694550e+00 1.491832380346310742e+02
-4.909238199058979291e+00 6.272073847721815198e+00 1.488523706107846749e+02
-5.039154375104338612e+00 6.433120668022879407e+00 1.485368030173983698e+02
-5.175351555052519537e+00 6.602370878622771500e+00 1.482369820774443383e+02
-5.318299493652429710e+00 6.780418208072029884e+00 1.479534094819199765e+02
-5.468514846441825838e+00 6.967916982795808067e+00 1.476866491030698683e+02
-5.626567052518977263e+00 7.165589862901396323e+00 1.474373353944519920e+02
-5.793085102146870113e+00 7.374236784313016990e+00 1.472061830824771675e+02
-5.968765343295372006e+00 7.594745329424950064e+00 1.469939983980019633e+02
-6.154380511289138767e+00 7.828102795729862784e+00 1.468016921513493287e+02
-6.350790202101888937e+00 8.075410290540316893e+00 1.466302950227881752e+02
-6.558953053852288662e+00 8.337899253037205582e+00 1.464809755269985772e+02
-6.779940954274994880e+00 8.616950896405446869e+00 1.463550612196218594e+02
-7.014955656150037910e+00 8.914119177890585277e+00 1.462540638536035260e+02
-7.265348259832033584e+00 9.231158049915361374e+00 1.461797093719866325e+02
-7.532642114109245668e+00 9.570053929659209757e+00 1.461339738546131173e+02
-7.818559795324594219e+00 9.933064559134718863e+00 1.461191268357947877e+02
-8.125054950749181160e+00 1.032276572771421286e+01 1.461377838015303610e+02
-8.454349934191046856e+00 1.074210771375651952e+01 1.461929701900014891e+02
-8.808980313880674373e+00 1.119448379680891392e+01 1.462881999017405974e+02
-9.191847480309707663e+00 1.168381382951213077e+01 1.464275722370626625e+02
-9.606280694181929647e+00 1.221464668035780576e+01 1.466158924035702285e+02
-1.005610993114556173e+01 1.279228641619145890e+01 1.468588223961866674e+02
-1.054575068435431540e+01 1.342294844719462610e+01 1.471630713166775593e+02
-1.108030126044043051e+01 1.411395357106367321e+01 1.475366373110290965e+02
-1.166565164481876771e+01 1.487396997899219642e+01 1.479891176053928348e+02
-1.230859996956730207e+01 1.571331582383560566e+01 1.485321091020016127e+02
-1.301696660337410449e+01 1.664433775821295924e+01 1.491797303391700211e+02
-1.379968431636535797e+01 1.768188344324457617e+01 1.499493072619780776e+02
-1.466682102949895850e+01 1.884388714987890978e+01 1.508622814203666564e+02
-1.562945029196361091e+01 2.015208427028079541e+01 1.519454213593207612e+02
-1.669920685337122634e+01 2.163285621154571459e+01 1.532324473679123287e+02
-1.788721877365558655e+01 2.331816733611502457e+01 1.547662162051433938e+02
-1.920183520071879713e+01 2.524645948671908613e+01 1.566016505499272000e+02
-2.064406806068966915e+01 2.746315250300443722e+01 1.588096175604223959e+02
-2.219877594964730960e+01 3.001992983431496853e+01 1.614819031942100480e+02
-2.381816042637018427e+01 3.297101825258624785e+01 1.647371402567097221e+02
-2.539221719113917430e+01 3.636279845853873383e+01 1.687266616476994727e+02
-2.669995373408200123e+01 4.020994375917958763e+01 1.736369880900587930e+02
-2.734198815263413707e+01 4.444774951718057565e+01 1.796807394560796354e+02
-2.668721789439148395e+01 4.885263117541302336e+01 -1.729404979549106542e+02
-2.394580677020843495e+01 5.294997600562265916e+01 -1.641238760198957891e+02
-1.855331666858510076e+01 5.600328399349550068e+01 -1.540062795300975722e+02
-1.083363432037760532e+01 5.724111473548010309e+01 -1.430827140137707545e+02
-2.261500725605035456e+00 5.630450029393836076e+01 -1.321437343116268153e+02
5.336317133886335995e+00 5.350978581551147073e+01 -1.219846649577446982e+02
1.088985973648573236e+01 4.960923888881910671e+01 -1.131106809615843218e+02
1.433079275399936847e+01 4.534342644038881787e+01 -1.056673932927129158e+02
1.612577644399205923e+01 4.120076239265723217e+01 -9.955649536559666046e+01
1.682077193396916215e+01 3.741845269117980877e+01 -9.457765659324857666e+01
1.684641468052061697e+01 3.407138132608444181e+01 -9.051786801930892068e+01
1.649243442198817888e+01 3.115170232703072273e+01 -8.718966683460145362e+01
1.593911310799578906e+01 2.861743852725995652e+01 -8.444073416697155210e+01
1.529389985025718346e+01 2.641718593689401473e+01 -8.215158575924897377e+01
1.461897432644920691e+01 2.450108860370818675e+01 -8.022975220768317683e+01
1.394927249723605200e+01 2.282493055753819178e+01 -7.860383288650973554e+01
1.330359845619744164e+01 2.135107928837497226e+01 -7.721849119471099243e+01
1.269130130868181183e+01 2.004812602244250286e+01 -7.603054716112173139e+01
1.211624693954427379e+01 1.889007856025601839e+01 -7.500602456765565762e+01
1.157917332324682391e+01 1.785547939871955236e+01 -7.411794834277736754e+01
1.107908608091722868e+01 1.692659618027805379e+01 -7.334470653769469095e+01
1.061408397004249693e+01 1.608873030313180763e+01 -7.266882919234221561e+01
1.018184464900865294e+01 1.532964673467063221e+01 -7.207607300588276189e+01
9.779907200075856011e+00 1.463911196844342655e+01 -7.155473033789833437e+01
9.405832718223265942e+00 1.400852271563796769e+01 -7.109510339996647588e+01
9.057291716712338570e+00 1.343060841293888075e+01 -7.068910081234213294e+01
8.732107763805302625e+00 1.289919283515454040e+01 -7.032992545006010232e+01
8.428275190911378445e+00 1.240900266752357695e+01 -7.001183092265394237e+01
8.143961729063768473e+00 1.195551327773762118e+01 -6.972993006735045185e+01
7.877502685521833747e+00 1.153482395527621307e+01 -6.948004317694808663e+01
7.627390674988445696e+00 1.114355653528927981e+01 -6.925857682270199689e+01
7.392263322836525319e+00 1.077877263536002772e+01 -6.906242641679043004e+01
7.170890372660656098e+00 1.043790576242184365e+01 -6.888889733273070703e+01
6.962161022553418732e+00 1.011870534945009226e+01 -6.873564063753114795e+01
6.765071940396765626e+00 9.819190405589907300e+00 -6.860060040796932412e+01
6.578716179930895080e+00 9.537610948672453404e+00 -6.848197029146035675e+01
6.402273081716450598e+00 9.272415767014873467e+00 -6.837815749112260733e+01
6.234999162208057832e+00 9.022225352481653360e+00 -6.828775274912251803e+01
6.076219948599260512e+00 8.785809077916201915e+00 -6.820950520419297902e+01
5.925322693401495755e+00 8.562065873758736956e+00 -6.814230123168483999e+01
5.781749892377876066e+00 8.350007802086837572e+00 -6.808514655471910260e+01
5.644993527100300668e+00 8.148746039986273004e+00 -6.803715105557674292e+01
5.514589955658733444e+00 7.957478874635119936e+00 -6.799751582676961448e+01
5.390115379812447927e+00 7.775481384805439156e+00 -6.796552208829614017e+01
5.271181822828015839e+00 7.602096541543152952e+00 -6.794052166667722759e+01
5.157433558604294532e+00 7.436727507588972941e+00 -6.792192878649450449e+01
5.048543938972871459e+00 7.278830952989765457e+00 -6.790921296936066653e+01
4.944212572021467800e+00 7.127911235144394730e+00 -6.790189287087825676e+01
4.844162809784419821e+00 6.983515316658195360e+00 -6.789953091499178583e+01
4.748139508624450222e+00 6.845228314967630290e+00 -6.790172860860036508e+01
4.655907030087192311e+00 6.712669594626763825e+00 -6.790812243846946217e+01
4.567247453964903947e+00 6.585489327120827241e+00 -6.791838026820407492e+01
4.481958978794100545e+00 6.463365454647114205e+00 -6.793219816600102945e+01
4.399854488075331638e+00 6.346001003925036521e+00 -6.794929760460942703e+01
4.320760263185816186e+00 6.233121704121769469e+00 -6.796942298381871694e+01
4.244514826299937482e+00 6.124473869694874395e+00 -6.799233943320119522e+01
4.170967898678743069e+00 6.019822514590111417e+00 -6.801783085902688697e+01
4.099979461474274167e+00 5.918949668978918943e+00 -6.804569820446158701e+01
4.031418907750933478e+00 5.821652873728769606e+00 -6.807575789652911169e+01
3.965164275783351844e+00 5.727743831194762159e+00 -6.810784045700714273e+01
3.901101554874475852e+00 5.637047193804965772e+00 -6.814178925754957561e+01
3.839124055971307126e+00 5.549399474368197360e+00 -6.817745940197966092e+01
3.779131840258936670e+00 5.464648064130704697e+00 -6.821471672095707106e+01
3.721031199703181969e+00 5.382650346404137309e+00 -6.825343686615009631e+01
3.664734184203418010e+00 5.303272895128710474e+00 -6.829350449269519174e+01
3.610158170622845386e+00 5.226390749061748053e+00 -6.833481252014310314e+01
3.557225469494806447e+00 5.151886753425703347e+00 -6.837726146331020516e+01
3.505862965670415221e+00 5.079650961838389378e+00 -6.842075882550530253e+01
3.456001789583111439e+00 5.009580092204768853e+00 -6.846521854751159708e+01
3.407577016167132378e+00 4.941577030993316022e+00 -6.851056050649152951e+01
3.360527388785355285e+00 4.875550380966854114e+00 -6.855671005966571840e+01
3.314795065803233243e+00 4.811414048001917187e+00 -6.860359762821374829e+01
3.270325387694013930e+00 4.749086863123301860e+00 -6.865115831736299867e+01
3.227066662780430306e+00 4.688492236311676997e+00 -6.869933156908577132e+01
3.184969969912963883e+00 4.629557839020283616e+00 -6.874806084422223762e+01
3.143988976557729131e+00 4.572215312668826748e+00 -6.879729333119496459e+01
3.104079770920693093e+00 4.516400000675002246e+00 -6.884697967878761915e+01
3.065200706871638037e+00 4.462050701841753231e+00 -6.889707375072894990e+01
3.027312260553034484e+00 4.409109443145893259e+00 -6.894753240006225781e+01
2.990376897667552658e+00 4.357521270174983030e+00 -6.899831526148938110e+01
2.954358950534914374e+00 4.307234053637618132e+00 -6.904938456006495073e+01
2.919224504095438988e+00 4.258198310530529440e+00 -6.910070493478073672e+01
2.884941290115227819e+00 4.210367038686418262e+00 -6.915224327572668983e+01
2.851478588917447876e+00 4.163695563551628176e+00 -6.920396857364487175e+01
2.818807138026536485e+00 4.118141396154216594e+00 -6.925585178080832804e+01
2.786899047168184040e+00 4.073664101322554743e+00 -6.930786568226027100e+01
2.755727719118314933e+00 4.030225175303521645e+00 -6.935998477654077021e+01
2.725267775939627768e+00 3.987787932008980185e+00 -6.941218516511104042e+01
2.695494990185148598e+00 3.946317397190577392e+00 -6.946444444975871590e+01
2.666386220685089015e+00 3.905780209906923872e+00 -6.951674163733378009e+01
2.637919352566620468e+00 3.866144530704737736e+00 -6.956905705122436245e+01
2.610073241186269488e+00 3.827379955987284532e+00 -6.962137224903486299e+01
2.582827659681885102e+00 3.789457438090042984e+00 -6.967366994597668395e+01
2.556163249875811339e+00 3.752349210625558040e+00 -6.972593394352544749e+01
2.530061476283270050e+00 3.716028718697373279e+00 -6.977814906293741615e+01
2.504504583000291440e+00 3.680470553617229967e+00 -6.983030108325324647e+01
2.479475553263960741e+00 3.645650391790732581e+00 -6.988237668344858378e+01
2.454958071494563576e+00 3.611544937464792770e+00 -6.993436338842070654e+01
2.430936487644471455e+00 3.578131869055631853e+00 -6.998624951852563925e+01
2.407395783692529712e+00 3.545389788799234498e+00 -7.003802414240449536e+01
2.384321542135426242e+00 3.513298175487194364e+00 -7.008967703285905770e+01
2.361699916339072391e+00 3.481837340069954934e+00 -7.014119862555614304e+01
2.339517602623643278e+00 3.450988383926877567e+00 -7.019257998035828905e+01
2.317761813965582895e+00 3.420733159618413399e+00 -7.024381274509414652e+01
2.296420255208736716e+00 3.391054233950098862e+00 -7.029488912159723668e+01
2.275481099684889319e+00 3.361934853191310690e+00 -7.034580183385459407e+01
2.254932967151418666e+00 3.333358910303782618e+00 -7.039654409811964797e+01
2.234764902960577615e+00 3.305310914045876292e+00 -7.044710959485460933e+01
2.214966358381204259e+00 3.277775959828763686e+00 -7.049749244237807488e+01
2.195527171999380300e+00 3.250739702209855420e+00 -7.054768717210281181e+01
2.176437552129856901e+00 3.224188328917335422e+00 -7.059768870525758189e+01
2.157688060174942635e+00 3.198108536307449512e+00 -7.064749233099438186e+01
2.139269594871993974e+00 3.172487506163287563e+00 -7.069709368579013642e+01
2.121173377374815594e+00 3.147312883750450485e+00 -7.074648873405831750e+01
2.103390937118046367e+00 3.122572757050959158e+00 -7.079567374989194661e+01
2.085914098417140927e+00 3.098255637102374394e+00 -7.084464529986567527e+01
2.068734967759783494e+00 3.074350439374189836e+00 -7.089340022682891629e+01
2.051845921747581958e+00 3.050846466118311451e+00 -7.094193563462764018e+01
2.035239595649635636e+00 3.027733389634765793e+00 -7.099024887369621695e+01
2.018908872532158227e+00 3.005001236397821351e+00 -7.103833752746534458e+01
2.002846872930687194e+00 2.982640371991419848e+00 -7.108619939953507583e+01
1.987046945033621226e+00 2.960641486806241396e+00 -7.113383250156628890e+01
1.971502655347861177e+00 2.938995582453920896e+00 -7.118123504184652006e+01
1.956207779819212345e+00 2.917693958856857339e+00 -7.122840541448921670e+01
1.941156295381965213e+00 2.896728201974796413e+00 -7.127534218922833986e+01
1.926342371913706053e+00 2.876090172131893663e+00 -7.132204410177273246e+01
1.911760364572899551e+00 2.855771992910291157e+00 -7.136851004468668691e+01
1.897404806498218743e+00 2.835766040578434399e+00 -7.141473905876608796e+01
1.883270401849885811e+00 2.816064934024371524e+00 -7.146073032488054366e+01
1.869352019174513657e+00 2.796661525166135309e+00 -7.150648315625474538e+01
1.855644685076071276e+00 2.777548889813082678e+00 -7.155199699116323586e+01
1.842143578176649976e+00 2.758720318953657102e+00 -7.159727138601510887e+01
1.828844023351694048e+00 2.740169310446575857e+00 -7.164230600880610211e+01
1.815741486225280310e+00 2.721889561093835841e+00 -7.168710063291706547e+01
1.802831567911881816e+00 2.703874959075241335e+00 -7.173165513123953474e+01
1.790109999991859713e+00 2.686119576725390701e+00 -7.177596947060980881e+01
1.777572639708672408e+00 2.668617663635190596e+00 -7.182004370653405090e+01
1.765215465376480442e+00 2.651363640061022320e+00 -7.186387797818876777e+01
1.753034571987502233e+00 2.634352090625700527e+00 -7.190747250368085020e+01
1.741026167009061210e+00 2.617577758296268264e+00 -7.195082757555329067e+01
1.729186566360852995e+00 2.601035538624556498e+00 -7.199394355652295019e+01
1.717512190563496688e+00 2.584720474237242271e+00 -7.203682087543776902e+01
1.705999561049928337e+00 2.568627749562890639e+00 -7.207946002344155545e+01
1.694645296631676512e+00 2.552752685784198228e+00 -7.212186155033506907e+01
1.683446110112491345e+00 2.537090736004294467e+00 -7.216402606112318097e+01
1.672398805042218051e+00 2.521637480616601756e+00 -7.220595421273759484e+01
1.661500272604194528e+00 2.506388622868325644e+00 -7.224764671092650303e+01
1.650747488629817683e+00 2.491339984608210045e+00 -7.228910430730182668e+01
1.640137510734261062e+00 2.476487502209690383e+00 -7.233032779653589728e+01
1.629667475567658341e+00 2.461827222661070458e+00 -7.237131801370000517e+01
1.619334596176361663e+00 2.447355299814806262e+00 -7.241207583173691376e+01
1.609136159469170657e+00 2.433067990788386759e+00 -7.245260215906093038e+01
1.599069523783701596e+00 2.418961652509732385e+00 -7.249289793727845677e+01
1.589132116548311213e+00 2.405032738400380232e+00 -7.253296413902329220e+01
1.579321432035229122e+00 2.391277795190092981e+00 -7.257280176590033705e+01
1.569635029200789011e+00 2.377693459856870195e+00 -7.261241184653250968e+01
1.560070529608828860e+00 2.364276456686623451e+00 -7.265179543470544843e+01
1.550625615433574245e+00 2.351023594447121390e+00 -7.269095360760518076e+01
1.541298027538461568e+00 2.337931763671034613e+00 -7.272988746414391414e+01
1.532085563627569647e+00 2.324997934043223413e+00 -7.276859812336967082e+01
1.522986076466473104e+00 2.312219151887616952e+00 -7.280708672295538975e+01
1.513997472169499758e+00 2.299592537749298060e+00 -7.284535441776378661e+01
1.505117708550522737e+00 2.287115284067605003e+00 -7.288340237848390757e+01
1.496344793534553519e+00 2.274784652936292506e+00 -7.292123179033610825e+01
1.487676783627540189e+00 2.262597973946962160e+00 -7.295884385184180587e+01
1.479111782441898892e+00 2.250552642112188639e+00 -7.299623977365509120e+01
1.470647939275425919e+00 2.238646115864916464e+00 -7.303342077745290339e+01
1.462283447741352660e+00 2.226875915130894334e+00 -7.307038809488108200e+01
1.454016544447409132e+00 2.215239619471044641e+00 -7.310714296655355326e+01
1.445845507721860379e+00 2.203734866290830041e+00 -7.314368664110192242e+01
1.437768656384586397e+00 2.192359349113819800e+00 -7.318002037427328332e+01
1.429784348561353724e+00 2.181110815916786017e+00 -7.321614542807354553e+01
1.421890980539524119e+00 2.169987067523783786e+00 -7.325206306995451655e+01
1.414086985663515428e+00 2.158985956056799882e+00 -7.328777457204229506e+01
1.406370833268417719e+00 2.148105383440645610e+00 -7.332328121040511348e+01
1.398741027650236113e+00 2.137343299959911569e+00 -7.335858426435879664e+01
1.391196107071301258e+00 2.126697702865865125e+00 -7.339368501580798920e+01
1.383734642799454129e+00 2.116166635031295762e+00 -7.342858474862126172e+01
1.376355238179673979e+00 2.105748183651383609e+00 -7.346328474803897279e+01
1.369056527736884243e+00 2.095440478988784605e+00 -7.349778630011171288e+01
1.361837176308715147e+00 2.085241693161164811e+00 -7.353209069116839203e+01
1.354695878207067050e+00 2.075150038969530097e+00 -7.356619920731229456e+01
1.347631356407366532e+00 2.065163768765759578e+00 -7.360011313394377908e+01
1.340642361764447843e+00 2.055281173357813351e+00 -7.363383375530864328e+01
1.333727672254053198e+00 2.045500580951170377e+00 -7.366736235407043409e+01
1.326886092238976023e+00 2.035820356125098485e+00 -7.370070021090617729e+01
1.320116451758919451e+00 2.026238898842427361e+00 -7.373384860412394914e+01
1.313417605843181235e+00 2.016754643491555310e+00 -7.376680880930155126e+01
1.306788433845313513e+00 2.007366057959467653e+00 -7.379958209894510901e+01
1.300227838798944324e+00 1.998071642734612574e+00 -7.383216974216679773e+01
1.293734746793973045e+00 1.988869930038497102e+00 -7.386457300438074469e+01
1.287308106372404337e+00 1.979759482984962959e+00 -7.389679314701629664e+01
1.280946887943087864e+00 1.970738894766095317e+00 -7.392883142724768675e+01
1.274650083214691421e+00 1.961806787863799917e+00 -7.396068909773973132e+01
1.268416704646237125e+00 1.952961813286098192e+00 -7.399236740640812116e+01
1.262245784914579172e+00 1.944202649827256879e+00 -7.402386759619447787e+01
1.256136376398204968e+00 1.935528003350862170e+00 -7.405519090485469746e+01
1.250087550676793224e+00 1.926936606095045468e+00 -7.408633856476058099e+01
1.244098398045956788e+00 1.918427215999034319e+00 -7.411731180271361552e+01
1.238168027046646191e+00 1.909998616050293307e+00 -7.414811183977083431e+01
1.232295564008692113e+00 1.901649613651507753e+00 -7.417873989108173305e+01
1.226480152607999141e+00 1.893379040006718084e+00 -7.420919716573607161e+01
1.220720953436912559e+00 1.885185749525928989e+00 -7.423948486662186497e+01
1.215017143587305837e+00 1.877068619247550307e+00 -7.426960419029310856e+01
