TFA (nT) IAVF (nT) INC (degree)
8.481579415039572911e-01 1.905640526316785266e+00 1.650609376307638243e+01
8.524651097156004109e-01 1.913851441934035558e+00 1.647618341098156591e+01
8.568158141963146956e-01 1.922139156481119660e+00 1.644609338885540950e+01
8.612107143401215303e-01 1.930504800090779627e+00 1.641582220680785653e+01
8.656504828742324076e-01 1.938949525649685146e+00 1.638536836120220030e+01
8.701358061969612923e-01 1.947474509379256258e+00 1.635473033457718017e+01
8.746673847259471835e-01 1.956080951434428172e+00 1.632390659557208323e+01
8.792459332570599084e-01 1.964770076521010767e+00 1.629289559885492622e+01
8.838721813343710654e-01 1.973543134532327104e+00 1.626169578505414037e+01
8.885468736315877969e-01 1.982401401205823088e+00 1.623030558069389784e+01
8.932707703453708348e-01 1.991346178800401656e+00 1.619872339813336737e+01
8.980446476009671386e-01 2.000378796795236447e+00 1.616694763551017999e+01
9.028692978706054362e-01 2.009500612610867876e+00 1.613497667668845992e+01
9.077455304051340601e-01 2.018713012353415603e+00 1.610280889121164094e+01
9.126741716793821402e-01 2.028017411582784035e+00 1.607044263426042718e+01
9.176560658517630698e-01 2.037415256105755024e+00 1.603787624661635647e+01
9.226920752386496005e-01 2.046908022794926563e+00 1.600510805463110486e+01
9.277830808040774535e-01 2.056497220434479356e+00 1.597213637020216304e+01
9.329299826653603134e-01 2.066184390593809539e+00 1.593895949075517038e+01
9.381337006152183911e-01 2.075971108530094700e+00 1.590557569923329595e+01
9.433951746610529376e-01 2.085858984120927850e+00 1.587198326409426308e+01
9.487153655820323994e-01 2.095849662828193516e+00 1.583818043931536046e+01
9.540952555046697814e-01 2.105944826694408523e+00 1.580416546440701886e+01
9.595358484976177493e-01 2.116146195372818894e+00 1.576993656443547920e+01
9.650381711864318701e-01 2.126455527192588235e+00 1.573549195005511692e+01
9.706032733890865849e-01 2.136874620260487578e+00 1.570082981755098217e+01
9.762322287730645920e-01 2.147405313600552201e+00 1.566594834889223087e+01
9.819261355348782860e-01 2.158049488333234400e+00 1.563084571179714466e+01
9.876861171029235331e-01 2.168809068895678038e+00 1.559552005981028167e+01
9.935133228646004788e-01 2.179686024304773095e+00 1.555996953239268876e+01
9.994089289186851577e-01 2.190682369464772794e+00 1.552419225502585931e+01
1.005374138853980526e+00 2.201800166521306057e+00 1.548818633933023570e+01
1.011410184555324054e+00 2.213041526263725078e+00 1.545194988319921592e+01
1.017518327038072101e+00 2.224408609577805063e+00 1.541548097094948311e+01
1.023699857312249772e+00 2.235903628950930422e+00 1.537877767348872560e+01
1.029956097277595850e+00 2.247528850031982994e+00 1.534183804850166766e+01
1.036288400650798192e+00 2.259286593248272634e+00 1.530466014065560110e+01
1.042698153926282068e+00 2.271179235481957548e+00 1.526724198182648529e+01
1.049186777371966750e+00 2.283209211808520323e+00 1.522958159134686262e+01
1.055755726061490041e+00 2.295379017300005486e+00 1.519167697627685598e+01
1.062406490944461934e+00 2.307691208895841672e+00 1.515352613169957152e+01
1.069140599956391879e+00 2.320148407344226005e+00 1.511512704104242566e+01
1.075959619170014481e+00 2.332753299217199316e+00 1.507647767642578529e+01
1.082865153989822860e+00 2.345508639002690465e+00 1.503757599904060527e+01
1.089858850391710599e+00 2.358417251276985649e+00 1.499841995955674179e+01
1.096942396209724002e+00 2.371482032961250042e+00 1.495900749856367895e+01
1.104117522472018109e+00 2.384705955665924915e+00 1.491933654704565626e+01
1.111386004788227577e+00 2.398092068127013921e+00 1.487940502689306577e+01
1.118749664790569920e+00 2.411643498738489377e+00 1.483921085145241214e+01
1.126210371631126028e+00 2.425363458185276322e+00 1.479875192611687851e+01
1.133770043537860150e+00 2.439255242181493255e+00 1.475802614896006837e+01
1.141430649432085165e+00 2.453322234318906059e+00 1.471703141141536442e+01
1.149194210610225753e+00 2.467567909030795814e+00 1.467576559900349409e+01
1.157062802492863085e+00 2.481995834676730350e+00 1.463422659211127552e+01
1.165038556444231377e+00 2.496609676754041107e+00 1.459241226682445536e+01
1.173123661665488315e+00 2.511413201242107096e+00 1.455032049581786957e+01
1.181320367165275220e+00 2.526410278085907901e+00 1.450794914930620472e+01
1.189630983811255316e+00 2.541604884825643840e+00 1.446529609605910238e+01
1.198057886466550759e+00 2.557001110379631292e+00 1.442235920448424302e+01
1.206603516215186911e+00 2.572603158988064020e+00 1.437913634378256766e+01
1.215270382680901928e+00 2.588415354325687812e+00 1.433562538517983320e+01
1.224061066443916435e+00 2.604442143791876330e+00 1.429182420323907721e+01
1.232978221560514509e+00 2.620688102987100976e+00 1.424773067725889675e+01
1.242024578190574990e+00 2.637157940385313815e+00 1.420334269276254702e+01
1.251202945338476979e+00 2.653856502212310620e+00 1.415865814308341264e+01
1.260516213713115174e+00 2.670788777540738845e+00 1.411367493105265858e+01
1.269967358713113281e+00 2.687959903613071688e+00 1.406839097079518908e+01
1.279559443543647257e+00 2.705375171404506229e+00 1.402280418964054398e+01
1.289295622471712255e+00 2.723040031438519470e+00 1.397691253015565493e+01
1.299179144227024185e+00 2.740960099868544386e+00 1.393071395230703580e+01
1.309213355556226421e+00 2.759141164840087868e+00 1.388420643576022684e+01
1.319401704938501840e+00 2.777589193148492619e+00 1.383738798232497302e+01
1.329747746471189762e+00 2.796310337208464780e+00 1.379025661855529350e+01
1.340255143934552251e+00 2.815310942352555745e+00 1.374281039851381081e+01
1.350927675045372700e+00 2.834597554476826264e+00 1.369504740671083631e+01
1.361769235909693565e+00 2.854176928053108409e+00 1.364696576122902449e+01
1.372783845685633608e+00 2.874056034528532422e+00 1.359856361704535743e+01
1.383975651467922674e+00 2.894242071134308425e+00 1.354983916956290813e+01
1.395348933406534986e+00 2.914742470127227758e+00 1.350079065836573200e+01
1.406908110072591755e+00 2.935564908488847990e+00 1.345141637121120226e+01
1.418657744085555894e+00 2.956717318109022496e+00 1.340171464827496095e+01
1.430602548016665310e+00 2.978207896482214956e+00 1.335168388666493300e+01
1.442747390584525391e+00 3.000045117946951834e+00 1.330132254522176360e+01
1.455097303159843314e+00 3.022237745500851780e+00 1.325062914962446392e+01
1.467657486597413463e+00 3.044794843225885561e+00 1.319960229782131478e+01
1.480433318414695165e+00 3.067725789360933319e+00 1.314824066580755613e+01
1.493430360337636431e+00 3.091040290061310536e+00 1.309654301377282160e+01
1.506654366235800513e+00 3.114748393887706079e+00 1.304450819264322803e+01
1.520111290470397503e+00 3.138860507070025285e+00 1.299213515104457173e+01
1.533807296680452126e+00 3.163387409594895061e+00 1.293942294271519700e+01
1.547748767034125894e+00 3.188340272169102541e+00 1.288637073439926972e+01
1.561942311974114705e+00 3.213730674115099717e+00 1.283297781425340389e+01
1.576394780488127756e+00 3.239570622258804988e+00 1.277924360080214683e+01
1.591113270937685176e+00 3.265872570874475134e+00 1.272516765248059301e+01
1.606105142480888981e+00 3.292649442756244049e+00 1.267074967780523664e+01
1.621378027127453381e+00 3.319914651491232327e+00 1.261598954621751467e+01
1.636939842467109774e+00 3.347682125014880938e+00 1.256088729964789330e+01
1.652798805115587077e+00 3.375966330535378646e+00 1.250544316485216534e+01
1.668963444925706918e+00 3.404782300920873972e+00 1.244965756657576783e+01
1.685442620014745430e+00 3.434145662650512687e+00 1.239353114160645930e+01
1.702245532663183347e+00 3.464072665438450827e+00 1.233706475378054890e+01
1.719381746144200029e+00 3.494580213648715628e+00 1.228025951001323968e+01
1.736861202547974603e+00 3.525685899628415942e+00 1.222311677742959013e+01
1.754694241669894739e+00 3.557408039097261998e+00 1.216563820167885801e+01
1.772891621037321119e+00 3.589765708742795436e+00 1.210782572652210121e+01
1.791464537155573300e+00 3.622778786183260102e+00 1.204968161479049549e+01
1.810424648060396047e+00 3.656467992473775741e+00 1.199120847082031638e+01
1.829784097271338172e+00 3.690854937346498499e+00 1.193240926447968064e+01
1.849555539248347369e+00 3.725962167391969171e+00 1.187328735691226633e+01
1.869752166462491427e+00 3.761813217406983156e+00 1.181384652813438230e+01
1.890387738201114498e+00 3.798432665154225507e+00 1.175409100663401141e+01
1.911476611238100975e+00 3.835846189800881767e+00 1.169402550113380101e+01
1.933033772511206561e+00 3.874080634327560002e+00 1.163365523469501994e+01
1.955074873960916726e+00 3.913164072225555845e+00 1.157298598135569989e+01
1.977616269698918128e+00 3.953125878829865769e+00 1.151202410551442412e+01
2.000675055689385751e+00 3.993996807667923754e+00 1.145077660429110367e+01
2.024269112142806470e+00 4.035809072239961104e+00 1.138925115311840131e+01
2.048417148840422364e+00 4.078596433686797695e+00 1.132745615484188484e+01
2.073138753627483233e+00 4.122394294845036278e+00 1.126540079263426897e+01
2.098454444335867475e+00 4.167239801238723729e+00 1.120309508705944879e+01
2.124385724421238297e+00 4.213171949611107081e+00 1.114054995765562417e+01
2.150955142627263950e+00 4.260231704660850660e+00 1.107777728944427054e+01
2.178186357019662012e+00 4.308462124714725228e+00 1.101479000481367798e+01
2.206104203766458216e+00 4.357908497144387105e+00 1.095160214127226084e+01
2.234734771078168869e+00 4.408618484419235983e+00 1.088822893561915883e+01
2.264105478763120960e+00 4.460642281781780127e+00 1.082468691513807002e+01
2.294245163899401252e+00 4.514032787637873412e+00 1.076099399648568067e+01
2.325184173176445768e+00 4.568845787872889197e+00 1.069716959301971748e+01
2.356954462516894999e+00 4.625140155438493217e+00 1.063323473139425523e+01
2.389589704653646507e+00 4.682978066704929887e+00 1.056921217834314142e+01
2.423125405409099820e+00 4.742425236243169806e+00 1.050512657867731292e+01
2.457599029504297317e+00 4.803551171892597615e+00 1.044100460564070154e+01
2.493050136816296725e+00 4.866429452186367577e+00 1.037687512490343344e+01
2.529520530103913423e+00 4.931138028451640842e+00 1.031276937362355994e+01
2.567054415336594175e+00 4.997759554180281505e+00 1.024872115618124546e+01
2.605698575890358804e+00 5.066381744581932800e+00 1.018476705838609675e+01
2.645502562020517257e+00 5.137097769591779439e+00 1.012094668218247762e+01
2.686518897185696364e+00 5.210006684016613043e+00 1.005730290313355191e+01
2.728803302984278645e+00 5.285213898973113444e+00 9.993882153257711565e+00
2.772414944675938298e+00 5.362831699311127132e+00 9.930734732126715869e+00
2.817416699501136712e+00 5.442979812333314626e+00 9.867915149520646523e+00
2.863875450284822044e+00 5.525786033834486410e+00 9.805482503378790682e+00
2.911862407121812879e+00 5.611386918304642535e+00 9.743500897298080332e+00
2.961453460296719964e+00 5.699928541088414846e+00 9.682039902423163369e+00
3.012729567997338265e+00 5.791567341392498847e+00 9.621175069259395585e+00
3.065777182845492721e+00 5.886471056308703709e+00 9.560988495738326876e+00
3.120688721802662435e+00 5.984819757505722926e+00 9.501569458795346534e+00
3.177563084620510736e+00 6.086807003976450581e+00 9.443015117805817482e+00
3.236506226711717726e+00 6.192641126256476447e+00 9.385431299498439017e+00
3.297631793129598421e+00 6.302546659910026605e+00 9.328933375459449451e+00
3.361061821284074380e+00 6.416765948881280046e+00 9.273647245101798831e+00
3.426927521107863139e+00 6.535560942615453506e+00 9.219710439053820039e+00
3.495370142645704004e+00 6.659215214768730462e+00 9.167273360387197201e+00
3.566541942500599749e+00 6.788036235975104304e+00 9.116500684035736768e+00
3.640607262269864197e+00 6.922357938677770051e+00 9.067572938253523063e+00
3.717743734081739859e+00 7.062543618655887201e+00 9.020688296148124508e+00
3.798143630649513547e+00 7.208989225824220526e+00 8.976064610355242834e+00
3.882015379952550305e+00 7.362127106453520753e+00 8.933941729988676528e+00
3.969585267800134432e+00 7.522430270528716711e+00 8.894584146346282694e+00
4.061099355214506268e+00 7.690417272004260951e+00 8.858284022784889800e+00
4.156825641876294775e+00 7.866657806830143151e+00 8.825364675083454458e+00
4.257056511915881636e+00 8.051779154571025998e+00 8.796184581990353024e+00
4.362111504229658543e+00 8.246473615199716889e+00 8.771142022133146199e+00
4.472340456387011720e+00 8.451507124468836452e+00 8.750680453878546317e+00
4.588127079219706417e+00 8.667729270772158046e+00 8.735294780131019010e+00
4.709893028503326917e+00 8.896084985708942128e+00 8.725538671841059468e+00
4.838102550895404086e+00 9.137628242420424485e+00 8.722033163985708271e+00
4.973267793599456255e+00 9.393538173812656211e+00 8.725476788402058759e+00
5.115954881116451247e+00 9.665138121834621288e+00 8.736657572321105292e+00
5.266790877813614991e+00 9.953918255481214672e+00 8.756467314089737997e+00
5.426471771500065877e+00 1.026156255779477178e+01 8.785918654236768432e+00
5.595771629878722564e+00 1.058998119258154880e+01 8.826165598721297911e+00
5.775553096933956354e+00 1.094134953587289516e+01 8.878528332891955088e+00
5.966779406869930469e+00 1.131815551743504145e+01 8.944523404654786347e+00
6.170528093553756754e+00 1.172325739456541349e+01 9.025900675016293562e+00
6.388006553826198086e+00 1.215995471706501974e+01 9.124688863892654211e+00
6.620569566779714421e+00 1.263207609960782563e+01 9.243252102343518573e+00
6.869738749423111024e+00 1.314408858290753201e+01 9.384360702218765837e+00
7.137223692642301387e+00 1.370123496402239205e+01 9.551280463038063218e+00
7.424944084697871816e+00 1.430970769262665776e+01 9.747886391109759074e+00
7.735051344195022160e+00 1.497687103524714480e+01 9.978808914329746926e+00
8.069946889517829902e+00 1.571154760758827251e+01 1.024962385396001530e+01
8.432291702557071389e+00 1.652439167524233810e+01 1.056710205260318247e+01
8.824997461969291024e+00 1.742838075193228775e+01 1.093954142929358753e+01
9.251181683514534626e+00 1.843947040333448228e+01 1.137721457915639611e+01
9.714055126085217040e+00 1.957747698570533146e+01 1.189298088253149999e+01
1.021668368467247490e+01 2.086728269404930458e+01 1.250313680531259664e+01
1.076151830614939620e+01 2.234050193166629938e+01 1.322861736237154595e+01
1.134949350904392595e+01 2.403781530032835789e+01 1.409672540973593691e+01
1.197831341884904788e+01 2.601227792948116502e+01 1.514367073596886293e+01
1.263918012321959594e+01 2.833405366966933414e+01 1.641837827401509031e+01
1.331047032688753973e+01 3.109721626655982973e+01 1.798832792827558080e+01
1.394528907380491844e+01 3.442943653683887817e+01 1.994870993216305166e+01
1.444645291473272408e+01 3.850526282056443250e+01 2.243706295167431009e+01
1.461526364449346893e+01 4.356223355452729606e+01 2.565695498027119470e+01
1.404609283600478342e+01 4.991247945404792574e+01 2.991592700706402752e+01
1.191753328775447685e+01 5.791843902188801252e+01 3.568220373378772337e+01
6.646486301685804676e+00 6.782525298449971274e+01 4.364812263615737464e+01
-4.297880830680988140e+00 7.916650296521663677e+01 5.470613265470870346e+01
-2.272051998168485909e+01 8.945289726923992646e+01 6.950883799292614640e+01
-4.402019222262931919e+01 9.367488154065972594e+01 8.723932328417704696e+01
-5.688953760270977256e+01 8.878124326649528086e+01 1.049166052562508895e+02
-5.755984306359700042e+01 7.807455739807046768e+01 1.196036437773637147e+02
-5.176819395269365032e+01 6.653876181868922401e+01 1.305442153776174621e+02
-4.467083877179878471e+01 5.655250334829646874e+01 1.384109776915541374e+02
-3.829008802348836582e+01 4.851523192046196442e+01 1.440935938269414862e+02
-3.303907077793104463e+01 4.215298222208354417e+01 1.482775488258943994e+02
-2.881790785557543444e+01 3.709187174300988943e+01 1.514256089449705200e+02
-2.542432012885027248e+01 3.301519656052921903e+01 1.538416855820643150e+02
-2.267166546725901100e+01 2.968353165571583574e+01 1.557270279159508846e+02
-2.041223170153384103e+01 2.692152499472259919e+01 1.572176859296725411e+02
-1.853448310569802615e+01 2.460115635607614948e+01 1.584078726383183380e+02
-1.695518923497714781e+01 2.262820040376931985e+01 1.593644071335872070e+02
-1.561209434900633930e+01 2.093243035102942784e+01 1.601357522969930471e+02
-1.445823613033621591e+01 1.946076852207336572e+01 1.607577830716085430e+02
-1.345779772901614635e+01 1.817253014702039593e+01 1.612575503853062742e+02
-1.258313814742790626e+01 1.703610477113835842e+01 1.616557922579334274e+02
-1.181267249994812119e+01 1.602661743081069190e+01 1.619686450313307660e+02
-1.112935168858489732e+01 1.512426001992563407e+01 1.622088329312884412e+02
-1.051956271884565375e+01 1.431308521477463280e+01 1.623865103714966551e+02
-9.972325138242414511e+00 1.358012330809866519e+01 1.625098685923106814e+02
-9.478697459514933144e+00 1.291472726655479164e+01 1.625855794562012591e+02
-9.031333875944930867e+00 1.230808112875419091e+01 1.626191248182270499e+02
-8.624149647382301609e+00 1.175282675963279821e+01 1.626150442351415961e+02
-8.252065890707967810e+00 1.124277739451701486e+01 1.625771235509868120e+02
-7.910812998867736034e+00 1.077269555462570594e+01 1.625085401023740701e+02
-7.596777791668354318e+00 1.033811922579754494e+01 1.624119756987438450e+02
-7.306883608702955613e+00 9.935224595308756790e+00 1.622897053880238047e+02
-7.038495451451842300e+00 9.560716749238631351e+00 1.621436678317643896e+02
-6.789344344457088454e+00 9.211741950450543115e+00 1.619755215736621778e+02
-6.557466568776454174e+00 8.885816716656119496e+00 1.617866903868958559e+02
-6.341154497659131195e+00 8.580770083339325893e+00 1.615784000930951549e+02
-6.138916553222520278e+00 8.294696293621337091e+00 1.613517086676007466e+02
-5.949444385985945161e+00 8.025915793703957135e+00 1.611075310196044938e+02
-5.771585813804113840e+00 7.772942889346997397e+00 1.608466595187338726e+02
-5.604322383471797231e+00 7.534458778992650707e+00 1.605697811016109711e+02
-5.446750665788362866e+00 7.309288953356947616e+00 1.602774916116583768e+02
-5.298066583792319761e+00 7.096384161657907086e+00 1.599703078878120266e+02
-5.157552219110972835e+00 6.894804307174943858e+00 1.596486780119398929e+02
-5.024564653788058166e+00 6.703704761268341805e+00 1.593129900427416032e+02
-4.898526492539553523e+00 6.522324683987169358e+00 1.589635794999078371e+02
-4.778917779057030302e+00 6.349977017393386269e+00 1.586007358120656079e+02
-4.665269074138014282e+00 6.186039879548221876e+00 1.582247079023253775e+02
-4.557155506384188648e+00 6.029949136377561025e+00 1.578357090536811427e+02
-4.454191640473355918e+00 5.881191968115182078e+00 1.574339211712817814e+02
-4.356027035483597487e+00 5.739301278823933039e+00 1.570194985383053847e+02
-4.262342387885339257e+00 5.603850823236075307e+00 1.565925711457784928e+02
-4.172846171740979493e+00 5.474450946088129655e+00 1.561532476633631745e+02
-4.087271703231368569e+00 5.350744846227303064e+00 1.557016181072606571e+02
-4.005374568540348790e+00 5.232405291798284175e+00 1.552377562524544885e+02
-3.926930363902116916e+00 5.119131724379508697e+00 1.547617218291495931e+02
-3.851732704668303420e+00 5.010647699500671237e+00 1.542735625371533104e+02
-3.779591466911317532e+00 4.906698618913355681e+00 1.537733159068444024e+02
-3.710331230609561715e+00 4.807049716604245404e+00 1.532610110310958191e+02
-3.643789898067128608e+00 4.711484266074983829e+00 1.527366701888980174e+02
-3.579817465072682836e+00 4.619801981057622520e+00 1.522003103783506504e+02
-3.518274925534209174e+00 4.531817585745640642e+00 1.516519447740468820e+02
-3.459033293046577917e+00 4.447359533924009511e+00 1.510915841215872035e+02
-3.401972725145832044e+00 4.366268859180873818e+00 1.505192380799602745e+02
-3.346981737949453972e+00 4.288398140762152089e+00 1.499349165207611918e+02
-3.293956500534216403e+00 4.213610571657712356e+00 1.493386307916426290e+02
-3.242800199810750961e+00 4.141779117240533381e+00 1.487303949499679732e+02
-3.193422467856184888e+00 4.072785754265425773e+00 1.481102269713352086e+02
-3.145738864695804882e+00 4.006520781310104695e+00 1.474781499364374326e+02
-3.099670410408722709e+00 3.942882192841145272e+00 1.468341931986032023e+02
-3.055143161193469403e+00 3.881775110037525955e+00 1.461783935333019713e+02
-3.012087824685962367e+00 3.823111262327331783e+00 1.455107962698953941e+02
-2.970439410390143031e+00 3.766808514308079392e+00 1.448314564049570095e+02
-2.930136911573744563e+00 3.712790433343390095e+00 1.441404396955640266e+02
-2.891123015409262198e+00 3.660985893672187519e+00 1.434378237300863930e+02
-2.853343838512417907e+00 3.611328713342238039e+00 1.427236989731562744e+02
-2.816748685355223714e+00 3.563757320697452435e+00 1.419981697807017724e+02
-2.781289827314608054e+00 3.518214447515893628e+00 1.412613553801752460e+02
-2.746922300366277270e+00 3.474646846219903384e+00 1.405133908104048146e+02
-2.713603719651768831e+00 3.433005028867049724e+00 1.397544278148588717e+02
-2.681294109338524301e+00 3.393243025885542608e+00 1.389846356815438639e+02
-2.649955746361928988e+00 3.355318162744923782e+00 1.382042020222697545e+02
-2.619553016787477873e+00 3.319190852955551385e+00 1.374133334836260758e+02
-2.590052283663135668e+00 3.284824405971984440e+00 1.366122563817272066e+02
-2.561421765348884882e+00 3.252184848738348677e+00 1.358012172526204324e+02
-2.533631423414104411e+00 3.221240759760427785e+00 1.349804833102193982e+02
-2.506652859285622537e+00 3.191963114721446004e+00 1.341503428037369758e+02
-2.480459218911394537e+00 3.164325142777909772e+00 1.333111052668579362e+02
-2.455025104777921907e+00 3.138302192779797384e+00 1.324631016513197892e+02
-2.430326494685056904e+00 3.113871608757010634e+00 1.316066843381675255e+02
-2.406340666740337753e+00 3.091012614102168765e+00 1.307422270207117663e+02
-2.383046130087635106e+00 3.069706203959487567e+00 1.298701244541569793e+02
-2.360422560932077474e+00 3.049935045401180655e+00 1.289907920679646907e+02
-2.338450743465796844e+00 3.031683385037134304e+00 1.281046654382682846e+02
-2.317112515337432121e+00 3.014936963761125188e+00 1.272121996190508355e+02
-2.296390717343062882e+00 2.999682938387774112e+00 1.263138683323101645e+02
-2.276269147047774055e+00 2.985909809979390594e+00 1.254101630190491790e+02
-2.256732516075671047e+00 2.973607358700938619e+00 1.245015917546119084e+02
-2.237766410832347841e+00 2.962766585075130354e+00 1.235886780336108615e+02
-2.219357256447669791e+00 2.953379657538231395e+00 1.226719594314200634e+02
-2.201492283748744061e+00 2.945439866221081893e+00 1.217519861509102981e+02
-2.184159499093144774e+00 2.938941582899322835e+00 1.208293194647352919e+02
-2.167347656911253750e+00 2.933880227072346081e+00 1.199045300650098653e+02
-2.151046234823982939e+00 2.930252238142473598e+00 1.189781963336101285e+02
-2.135245411218498202e+00 2.928055053674749608e+00 1.180509025475452063e+02
-2.119936045179906081e+00 2.927287093724034506e+00 1.171232370348640330e+02
-2.105109658691435293e+00 2.927947751220332684e+00 1.161957902973472301e+02
-2.090758421029538905e+00 2.930037388406010024e+00 1.152691531167718608e+02
-2.076875135293716035e+00 2.933557339320390867e+00 1.143439146618135709e+02
-2.063453227023817504e+00 2.938509918328669368e+00 1.134206606126550838e+02
-2.050486734870295535e+00 2.944898434693790090e+00 1.124999713201093101e+02
-2.037970303295424834e+00 2.952727213192515521e+00 1.115824200155390002e+02
-2.025899177296022202e+00 2.962001620780878142e+00 1.106685710870812045e+02
-2.014269199150828804e+00 2.972728099320100181e+00 1.097589784366833641e+02
-2.003076807208540089e+00 2.984914204382524083e+00 1.088541839312515265e+02
-1.992319036745700656e+00 2.998568650168464078e+00 1.079547159598334076e+02
-1.981993522937328667e+00 3.013701360579723154e+00 1.070610881072404368e+02
-1.972098505997500029e+00 3.030323526514179910e+00 1.061737979528918601e+02
-1.962632838562238025e+00 3.048447669468787424e+00 1.052933260019752311e+02
-1.953595995403158314e+00 3.068087711565802067e+00 1.044201347543008040e+02
-1.944988085577588288e+00 3.089259052149491591e+00 1.035546679145162585e+02
-1.936809867139512864e+00 3.111978651138190166e+00 1.026973497456783093e+02
-1.929062764555948828e+00 3.136265119359792131e+00 1.018485845665797456e+02
-1.921748888995444826e+00 3.162138816147732623e+00 1.010087563917317510e+02
-1.914871061679688458e+00 3.189621954529765269e+00 1.001782287115245111e+02
-1.908432840515962514e+00 3.218738714403578616e+00 9.935734440885583751e+01
-1.902438550257843142e+00 3.249515364162039788e+00 9.854642580743761471e+01
-1.896893316474474123e+00 3.281980391307102174e+00 9.774577484607874567e+01
-1.891803103645516737e+00 3.316164642675704322e+00 9.695567337250129469e+01
-1.887174757740005315e+00 3.352101474994146013e+00 9.617638354967930070e+01
-1.883016053683504776e+00 3.389826916580212846e+00 9.540814836729308013e+01
-1.879335748169903120e+00 3.429379841125759665e+00 9.465119225066140984e+01
-1.876143638332801178e+00 3.470802154617930846e+00 9.390572175944227240e+01
-1.873450626857740886e+00 3.514138996595914666e+00 9.317192636847060783e+01
-1.871268794191687013e+00 3.559438957094001932e+00 9.244997932331718005e+01
-1.869611478591551190e+00 3.606754310792693818e+00 9.174003856349546027e+01
-1.868493364850826177e+00 3.656141270090110140e+00 9.104224770670127498e+01
-1.867930582654348193e+00 3.707660259018678239e+00 9.035673708803047077e+01
-1.867940815638190699e+00 3.761376210170504386e+00 8.968362484877360430e+01
-1.868543422377126673e+00 3.817358887062528350e+00 8.902301807012229062e+01
-1.869759570689274231e+00 3.875683234674282662e+00 8.837501394793176246e+01
-1.871612386839852649e+00 3.936429761231854396e+00 8.773970100556199725e+01
-1.874127121447942246e+00 3.999684954697745098e+00 8.711716034276057030e+01
-1.877331334156693954e+00 4.065541737864952765e+00 8.650746691955151846e+01
-1.881255099424743671e+00 4.134099966453121944e+00 8.591069087515796809e+01
-1.885931236141914491e+00 4.205466975175110811e+00 8.532689888311332993e+01
-1.891395564174254362e+00 4.279758177395423857e+00 8.475615554491459136e+01
-1.897687191412527952e+00 4.357097724751550771e+00 8.419852482585058340e+01
-1.904848835447022548e+00 4.437619233971729749e+00 8.365407153801189111e+01
-1.912927184635008659e+00 4.521466589117425272e+00 8.312286287697624232e+01
-1.921973304083782752e+00 4.608794828629117823e+00 8.260497002028522218e+01
-1.932043092964174757e+00 4.699771127887239608e+00 8.210046979761590080e+01
-1.943197800623732485e+00 4.794575889549523851e+00 8.160944644453746832e+01
-1.955504610218700590e+00 4.893403955730988741e+00 8.113199345397444517e+01
-1.969037300069845342e+00 4.996465958201091517e+00 8.066821554202424238e+01
-1.983876994719142139e+00 5.103989825241547429e+00 8.021823074766537331e+01
-2.000113019783799739e+00 5.216222466707539418e+00 7.978217268921875416e+01
-2.017843877247412543e+00 5.333431662248880656e+00 7.936019300428644385e+01
-2.037178360890003592e+00 5.455908181679025581e+00 7.895246400440410639e+01
-2.058236835257688746e+00 5.583968171254058532e+00 7.855918158095094839e+01
-2.081152706057032731e+00 5.717955845295216832e+00 7.818056840513702355e+01
-2.106074115315417217e+00 5.858246529346152087e+00 7.781687747235358188e+01
-2.133165901312800816e+00 6.005250109134348868e+00 7.746839605009307661e+01
-2.162611871461274760e+00 6.159414949294286679e+00 7.713545009936142094e+01
-2.194617446368394731e+00 6.321232357468753449e+00 7.681840925243402296e+01
-2.229412745756972569e+00 6.491241683483991665e+00 7.651769244547818971e+01
-2.267256202356770611e+00 6.670036160358023380e+00 7.623377432364669914e+01
-2.308438809145660464e+00 6.858269614658979663e+00 7.596719255958713291e+01
-2.353289129456820561e+00 7.056664199077628652e+00 7.571855625499190978e+01
-2.402179229866459043e+00 7.266019331152087091e+00 7.548855563022266324e+01
-2.455531734249647879e+00 7.487222060330229745e+00 7.527797325096972259e+01
-2.513828246340196415e+00 7.721259132826515881e+00 7.508769709567371820e+01
-2.577619450744715657e+00 7.969231082400488830e+00 7.491873583606920306e+01
-2.647537282906648581e+00 8.232368748314280893e+00 7.477223678968037746e+01
-2.724309662732216530e+00 8.512052713275799931e+00 7.464950711264752670e+01
-2.808778422244591955e+00 8.809836269281307253e+00 7.455203894084944238e+01
-2.901921235306666347e+00 9.127472664627635623e+00 7.448153936621304183e+01
-3.004878591651044761e+00 9.466947569704334597e+00 7.443996636588221349e+01
-3.118987168187571157e+00 9.830517933920148721e+00 7.442957210150153458e+01
-3.245821365598425157e+00 1.022075870620608917e+01 7.445295539736596879e+01
-3.387245336364756554e+00 1.064061927648565842e+01 7.451312572132773937e+01
-3.545478586063922855e+00 1.109349199070419267e+01 7.461358167499508909e+01
-3.723179259897454685e+00 1.158329573022856529e+01 7.475840791093975213e+01
-3.923550639849366917e+00 1.211457836930742182e+01 7.495239561983544263e+01
-4.150478329230955943e+00 1.269264298333314755e+01 7.520119339007990789e+01
-4.408708310024635146e+00 1.332370403649681911e+01 7.551149750694594331e+01
-4.704079834221909451e+00 1.401508149452820717e+01 7.589129386970348889e+01
-5.043832385604215318e+00 1.477544293898413841e+01 7.635016800748456944e+01
-5.437013311654108172e+00 1.561510630504688457e+01 7.689970565534547120e+01
-5.895022938299186777e+00 1.654641868453169096e+01 7.755401469467840059e+01
-6.432347925591141546e+00 1.758422924874177085e+01 7.833041090459742861e+01
-7.067552040197478291e+00 1.874647549975484750e+01 7.925032614103983519e+01
-7.824616173163312816e+00 2.005489880821029303e+01 8.034051970825585443e+01
-8.734742800792240303e+00 2.153589094020683703e+01 8.163470308943811915e+01
-9.838751416170804731e+00 2.322143361773770920e+01 8.317572465439397433e+01
-1.119015392045290191e+01 2.514999727895679982e+01 8.501849909155028229e+01
-1.285881596688762407e+01 2.736704847742312197e+01 8.723388594947606123e+01
-1.493454359686482391e+01 2.992434667710553242e+01 8.991366393949495261e+01
-1.752843336689839759e+01 3.287624192710982385e+01 9.317645896721570864e+01
-2.076624275222990335e+01 3.626931335381585342e+01 9.717359736422450567e+01
-2.476051644077311664e+01 4.011854767489246143e+01 1.020915936076230963e+02
-2.953594346230881129e+01 4.435971457402109763e+01 1.081430616504035243e+02
-3.487534055372626085e+01 4.876988522887425859e+01 1.155295822281692750e+02
-4.009779000481869105e+01 5.287519454284998233e+01 1.243539983135213021e+02
-4.395803813272489435e+01 5.593965972344611259e+01 1.344794204197078216e+02
-4.506559731639666211e+01 5.719160031188345528e+01 1.454108386824264869e+02
-4.284945528921030444e+01 5.627077334872162595e+01 1.563576940016772596e+02
-3.808755907128882257e+01 5.349170101692622126e+01 1.665246574417407999e+02
-3.226559101100161087e+01 4.960518060675843799e+01 1.754065495600596876e+02
-2.660671090369086045e+01 4.535111624312806100e+01 -1.771422448138706329e+02
-2.171594233191526513e+01 4.121791484919718584e+01 -1.710234229378702366e+02
-1.773404008682689437e+01 3.744309143912659721e+01 -1.660366577374732060e+02
-1.457965642036141141e+01 3.410191405014338528e+01 -1.619689435070717138e+02
-1.210391492079692455e+01 3.118688605872178954e+01 -1.586328204796513148e+02
-1.015960777260287884e+01 2.865631340892290524e+01 -1.558759726475686875e+02
-8.623695631198923905e+00 2.645901050147142897e+01 -1.535789184575037893e+02
-7.400109175479311574e+00 2.454528658920911965e+01 -1.516491910591037708e+02
-6.415984991447279739e+00 2.287105009758323249e+01 -1.500153922368744475e+02
-5.616639435156304927e+00 2.139876247950684274e+01 -1.486221876631395276e+02
-4.961072472868683469e+00 2.009708644924959131e+01 -1.474263995089204400e+02
-4.418415689046627293e+00 1.894008469863351252e+01 -1.463940535727553538e+02
-3.965268035777175015e+00 1.790634229774392949e+01 -1.454981766796454110e+02
-3.583741953367084676e+00 1.697816024836244608e+01 -1.447171586626019462e+02
-3.260042236918375913e+00 1.614086635297671535e+01 -1.440335312338479525e+02
-2.983433068689688383e+00 1.538224668210195212e+01 -1.434330526603820033e+02
-2.745484500706806941e+00 1.469208475201001818e+01 -1.429040167700626682e+02
-2.539519495107607661e+00 1.406179112536899112e+01 -1.424367271479007968e+02
-2.360205170186557844e+00 1.348410660253115090e+01 -1.420230936972753852e+02
-2.203248225055744136e+00 1.295286435273149372e+01 -1.416563204903869746e+02
-2.065166107906161397e+00 1.246279888351000942e+01 -1.413306622521467943e+02
-1.943113657744410805e+00 1.200939211956766250e+01 -1.410412328573631271e+02
-1.834750691147351453e+00 1.158874888122311830e+01 -1.407838535624379119e+02
-1.738140052035908045e+00 1.119749569618738860e+01 -1.405549318319016834e+02
-1.651668507004346420e+00 1.083269818512775018e+01 -1.403513639043668206e+02
-1.573984908476903311e+00 1.049179328731082173e+01 -1.401704559162731982e+02
-1.503951510097933930e+00 1.017253339269900891e+01 -1.400098596372187671e+02
-1.440605374338154832e+00 9.872940069260929263e+00 -1.398675197892710571e+02
-1.383127579968129517e+00 9.591265558329434171e+00 -1.397416306107294588e+02
-1.330818499473692462e+00 9.325960587878823205e+00 -1.396305998439516145e+02
-1.283077831573597560e+00 9.075647347997918502e+00 -1.395330187213306488e+02
-1.239388382563810787e+00 8.839096703456371884e+00 -1.394476368253240537e+02
-1.199302821214523807e+00 8.615208899580684587e+00 -1.393733409308984221e+02
-1.162432806072461133e+00 8.402997160780126151e+00 -1.393091371189628944e+02
-1.128440016151320169e+00 8.201573694505441381e+00 -1.392541355899336395e+02
-1.097028716903266865e+00 8.010137703721502689e+00 -1.392075377168770274e+02
-1.067939570911362601e+00 7.827965083158237469e+00 -1.391686249647400473e+02
-1.040944462693850436e+00 7.654399532552080387e+00 -1.391367493712678538e+02
-1.015842153627454003e+00 7.488844866806951828e+00 -1.391113253403347869e+02
-9.924546194465464488e-01 7.330758340822374208e+00 -1.390918225426223387e+02
-9.706239514283154790e-01 7.179644837476930164e+00 -1.390777597542049193e+02
-9.502097250152305996e-01 7.035051792341859844e+00 -1.390686994924512305e+02
-9.310867576055144035e-01 6.896564749252211080e+00 -1.390642433321129090e+02
-9.131431915883636563e-01 6.763803457764527849e+00 -1.390640278036413804e+02
-8.962788502003942170e-01 6.636418437480851473e+00 -1.390677207914993971e+02
-8.804038230389381603e-01 6.514087945774935662e+00 -1.390750183631876382e+02
-8.654372455548120513e-01 6.396515295062677353e+00 -1.390856419704182088e+02
-8.513062429263751341e-01 6.283426473770821197e+00 -1.390993359727577285e+02
-8.379450136722557119e-01 6.174568031862373907e+00 -1.391158654414692819e+02
-8.252940324154423024e-01 6.069705197405243169e+00 -1.391350142074737164e+02
-8.132993545422466664e-01 5.968620195409855000e+00 -1.391565831225436796e+02
-8.019120082452297904e-01 5.871110744163851258e+00 -1.391803885072137916e+02
-7.910874617102012785e-01 5.776988707682407131e+00 -1.392062607625784381e+02
-7.807851550921238726e-01 5.686078885772283265e+00 -1.392340431262722689e+02
-7.709680884939607015e-01 5.598217925660538441e+00 -1.392635905555800093e+02
-7.616024584731437841e-01 5.513253341233426141e+00 -1.392947687228801215e+02
-7.526573366982154401e-01 5.431042627724372629e+00 -1.393274531105559504e+02
-7.441043853006785724e-01 5.351452461229268209e+00 -1.393615281941578701e+02
-7.359176042442863164e-01 5.274357973751722106e+00 -1.393968867040179020e+02
-7.280731066906327431e-01 5.199642095623162596e+00 -1.394334289567362930e+02
-7.205489188961826663e-01 5.127194958130020019e+00 -1.394710622490125616e+02
-7.133248016482920395e-01 5.056913350035626920e+00 -1.395097003072019675e+02
-7.063820906500082319e-01 4.988700222427033815e+00 -1.395492627867659508e+02
-6.997035536067681694e-01 4.922464236963120854e+00 -1.395896748164701364e+02
-6.932732620618000663e-01 4.858119353163584897e+00 -1.396308665827780828e+02
-6.870764762788938995e-01 4.795584450870451043e+00 -1.396727729504083868e+02
-6.810995416876370889e-01 4.734782984444364295e+00 -1.397153331154770513e+02
-6.753297955925963159e-01 4.675642665635526107e+00 -1.397584902880426512e+02
-6.697554830088241484e-01 4.618095172400850323e+00 -1.398021914012224443e+02
-6.643656806251603264e-01 4.562075881230809316e+00 -1.398463868443518265e+02
-6.591502280173875405e-01 4.507523620806797915e+00 -1.398910302179302221e+02
-6.540996653379289594e-01 4.454380445037040559e+00 -1.399360781083335894e+02
-6.492051767998705536e-01 4.402591423720131125e+00 -1.399814898804841619e+02
-6.444585393523696304e-01 4.352104449263264563e+00 -1.400272274868534339e+02
-6.398520760138359798e-01 4.302870058040283219e+00 -1.400732552913397058e+02
-6.353786133897956212e-01 4.254841265115048010e+00 -1.401195399067067342e+02
-6.310314429554446658e-01 4.207973411180594425e+00 -1.401660500444009472e+02
-6.268042857294366943e-01 4.162224020675900249e+00 -1.402127563756799020e+02
-6.226912600063800873e-01 4.117552670141521709e+00 -1.402596314030876670e+02
-6.186868518515393767e-01 4.073920865964181459e+00 -1.403066493414054321e+02
-6.147858880929895076e-01 4.031291930739903329e+00 -1.403537860072876242e+02
-6.109835115745083645e-01 3.989630897556591727e+00 -1.404010187168676680e+02
-6.072751584572904093e-01 3.948904411560816285e+00 -1.404483261906836162e+02
-6.036565373805151680e-01 3.909080638231117177e+00 -1.404956884653334441e+02
-6.001236103102685071e-01 3.870129177831743039e+00 -1.405430868113223823e+02
-5.966725749236059251e-01 3.832020985567325511e+00 -1.405905036566141746e+02
-5.932998483899125652e-01 3.794728297000959927e+00 -1.406379225154394135e+02
-5.900020524253930532e-01 3.758224558336049625e+00 -1.406853279219546096e+02
-5.867759995087376002e-01 3.722484361196513269e+00 -1.407327053683808344e+02
-5.836186801568719051e-01 3.687483381570959118e+00 -1.407800412472811900e+02
-5.805272511694588022e-01 3.653198322614461535e+00 -1.408273227976670796e+02
-5.774990247594888881e-01 3.619606861027071520e+00 -1.408745380546480419e+02
-5.745314584951251025e-01 3.586687596751218177e+00 -1.409216758023641205e+02
-5.716221459849388786e-01 3.554420005751239398e+00 -1.409687255299610342e+02
-5.687688082449602334e-01 3.522784395657264422e+00 -1.410156773903883050e+02
-5.659692856916029857e-01 3.491761864073128940e+00 -1.410625221618177818e+02
-5.632215307096066770e-01 3.461334259363783250e+00 -1.411092512114966553e+02
-5.605236007487013339e-01 3.431484143752128624e+00 -1.411558564618632658e+02
-5.578736519068325794e-01 3.402194758568373611e+00 -1.412023303587682506e+02
-5.552699329614911861e-01 3.373449991507075918e+00 -1.412486658416549403e+02
-5.527107798140760142e-01 3.345234345758032912e+00 -1.412948563155649992e+02
-5.501946103152255407e-01 3.317532910887269981e+00 -1.413408956248447907e+02
-5.477199194418347350e-01 3.290331335353631648e+00 -1.413867780284381013e+02
-5.452852747989476168e-01 3.263615800554940716e+00 -1.414324981766588962e+02
-5.428893124219862365e-01 3.237372996305440953e+00 -1.414780510893459677e+02
-5.405307328568226266e-01 3.211590097653436615e+00 -1.415234321353082976e+02
-5.382082974970641143e-01 3.186254742954539587e+00 -1.415686370129774616e+02
-5.359208251596251360e-01 3.161355013122009172e+00 -1.416136617321878077e+02
-5.336671888811863607e-01 3.136879411981217114e+00 -1.416585025970130118e+02
-5.314463129195637903e-01 3.112816847660376585e+00 -1.417031561895907998e+02
-5.292571699452763845e-01 3.089156614954410962e+00 -1.417476193548735921e+02
-5.270987784097757034e-01 3.065888378603175202e+00 -1.417918891862465500e+02
-5.249702000778668776e-01 3.043002157429265164e+00 -1.418359630119595352e+02
-5.228705377128273213e-01 3.020488309284371731e+00 -1.418798383823215659e+02
-5.207989329036094572e-01 2.998337516756544030e+00 -1.419235130576117285e+02
-5.187545640243487188e-01 2.976540773593941758e+00 -1.419669849966622621e+02
-5.167366443171195201e-01 2.955089371803544029e+00 -1.420102523460730595e+02
-5.147444200895937572e-01 2.933974889386049778e+00 -1.420533134300198697e+02
-5.127771690198612564e-01 2.913189178670701818e+00 -1.420961667406201911e+02
-5.108341985612570024e-01 2.892724355216118592e+00 -1.421388109288239434e+02
-5.089148444405776628e-01 2.872572787245376791e+00 -1.421812447957979089e+02
-5.070184692435286689e-01 2.852727085585622380e+00 -1.422234672847747845e+02
-5.051444610817332759e-01 2.833180094084352785e+00 -1.422654774733400416e+02
-5.032922323359972916e-01 2.813924880476242674e+00 -1.423072745661307579e+02
-5.014612184709416054e-01 2.794954727676034256e+00 -1.423488578879232591e+02
-4.996508769164440533e-01 2.776263125474498050e+00 -1.423902268770866613e+02
-4.978606860116576716e-01 2.757843762615882266e+00 -1.424313810793819357e+02
-4.960901440076693758e-01 2.739690519236581689e+00 -1.424723201420869430e+02
-4.943387681251407706e-01 2.721797459645976414e+00 -1.425130438084287334e+02
-4.926060936635190401e-01 2.704158825431522750e+00 -1.425535519123063466e+02
-4.908916731586474569e-01 2.686769028871245801e+00 -1.425938443732874816e+02
-4.891950755858167632e-01 2.669622646637791696e+00 -1.426339211918644310e+02
-4.875158856054960799e-01 2.652714413779076796e+00 -1.426737824449547247e+02
-4.858537028491782817e-01 2.636039217961509085e+00 -1.427134282816327584e+02
-4.842081412429328768e-01 2.619592093962495483e+00 -1.427528589190806940e+02
-4.825788283664296241e-01 2.603368218399759293e+00 -1.427920746387457314e+02
-4.809654048453345654e-01 2.587362904685674536e+00 -1.428310757826935173e+02
-4.793675237751295892e-01 2.571571598195505182e+00 -1.428698627501466092e+02
-4.777848501745138865e-01 2.555989871639034128e+00 -1.429084359941984133e+02
-4.762170604666882134e-01 2.540613420625697838e+00 -1.429467960186931350e+02
-4.746638419869124714e-01 2.525438059413832370e+00 -1.429849433752629579e+02
-4.731248925148373585e-01 2.510459716835197419e+00 -1.430228786605144649e+02
-4.715999198302089912e-01 2.495674432386405073e+00 -1.430606025133560877e+02
-4.700886412906245537e-01 2.481078352479336946e+00 -1.430981156124593667e+02
-4.685907834301104025e-01 2.466667726843063235e+00 -1.431354186738475107e+02
-4.671060815773594443e-01 2.452438905070165820e+00 -1.431725124486039249e+02
-4.656342794925419915e-01 2.438388333300766764e+00 -1.432093977206950228e+02
-4.641751290216773462e-01 2.424512551037885988e+00 -1.432460753049017228e+02
-4.627283897675963376e-01 2.410808188088119142e+00 -1.432825460448531771e+02
-4.612938287766047418e-01 2.397271961621908254e+00 -1.433188108111586985e+02
-4.598712202399980464e-01 2.383900673348000154e+00 -1.433548704996318293e+02
-4.584603452096319698e-01 2.370691206796944339e+00 -1.433907260296029449e+02
-4.570609913268010027e-01 2.357640524708761731e+00 -1.434263783423148766e+02
-4.556729525637230882e-01 2.344745666520157368e+00 -1.434618283993984278e+02
-4.542960289769651938e-01 2.332003745946864548e+00 -1.434970771814230943e+02
-4.529300264721863867e-01 2.319411948656973088e+00 -1.435321256865195494e+02
-4.515747565796129903e-01 2.306967530031248437e+00 -1.435669749290703407e+02
-4.502300362396888245e-01 2.294667813006686430e+00 -1.436016259384652756e+02
-4.488956875983799444e-01 2.282510185999716779e+00 -1.436360797579185373e+02
-4.475715378116419396e-01 2.270492100905634469e+00 -1.436703374433444935e+02
-4.462574188585829438e-01 2.258611071171031437e+00 -1.437044000622890110e+02
-4.449531673628893680e-01 2.246864669936128767e+00 -1.437382686929140618e+02
-4.436586244220903641e-01 2.235250528244071333e+00 -1.437719444230325507e+02
-4.423736354442837637e-01 2.223766333314394661e+00 -1.438054283491914589e+02
-4.410980499919412434e-01 2.212409826877984820e+00 -1.438387215758005766e+02
-4.398317216324527656e-01 2.201178803571004483e+00 -1.438718252143045220e+02
-4.385745077950765625e-01 2.190071109385351100e+00 -1.439047403823965965e+02
-4.373262696339836886e-01 2.179084640173350351e+00 -1.439374682032717487e+02
-4.360868718971004920e-01 2.168217340204474208e+00 -1.439700098049174528e+02
-4.348561828004742225e-01 2.157467200771993276e+00 -1.440023663194399433e+02
-4.336340739078932138e-01 2.146832258847547248e+00 -1.440345388824248687e+02
-4.324204200155109534e-01 2.136310595781734545e+00 -1.440665286323303462e+02
-4.312150990412429996e-01 2.125900336048887507e+00 -1.440983367099107681e+02
-4.300179919187061550e-01 2.115599646034291403e+00 -1.441299642576704230e+02
-4.288289824954901741e-01 2.105406732862183272e+00 -1.441614124193447992e+02
-4.276479574355579460e-01 2.095319843262936743e+00 -1.441926823394090604e+02
-4.264748061255881906e-01 2.085337262477919396e+00 -1.442237751626116733e+02
-4.253094205850728171e-01 2.075457313200556708e+00 -1.442546920335326774e+02
-4.241516953800008594e-01 2.065678354552226814e+00 -1.442854340961648916e+02
-4.230015275399642283e-01 2.055998781091648908e+00 -1.443160024935173738e+02
-4.218588164785332939e-01 2.046417021856492990e+00 -1.443463983672398570e+02
-4.207234639167487522e-01 2.036931539435998140e+00 -1.443766228572674208e+02
-4.195953738095959951e-01 2.027540829073434914e+00 -1.444066771014840640e+02
-4.184744522753277574e-01 2.018243417797291883e+00 -1.444365622354048639e+02
-4.173606075275055893e-01 2.009037863580126704e+00 -1.444662793918753323e+02
-4.162537498096446908e-01 1.999922754524051882e+00 -1.444958297007875103e+02
-4.151537913323446460e-01 1.990896708071879573e+00 -1.445252142888116680e+02
-4.140606462128001430e-01 1.981958370242987044e+00 -1.445544342791436065e+02
-4.129742304165848754e-01 1.973106414893004645e+00 -1.445834907912658309e+02
-4.118944617016148113e-01 1.964339542996455856e+00 -1.446123849407227908e+02
-4.108212595641931308e-01 1.955656481951535852e+00 -1.446411178389091958e+02
-4.097545451870514555e-01 1.947055984906224335e+00 -1.446696905928707224e+02
-4.086942413893004389e-01 1.938536830104975239e+00 -1.446981043051167717e+02
-4.076402725782077852e-01 1.930097820255258778e+00 -1.447263600734445674e+02
-4.065925647027304191e-01 1.921737781913246845e+00 -1.447544589907741113e+02
-4.055510452087236484e-01 1.913455564887974969e+00 -1.447824021449933412e+02
-4.045156429957615929e-01 1.905250041663334226e+00 -1.448101906188134933e+02
